0.367078
0.283883
1.253027
0.101380
1.572834
0.448587
0.938105
1.568587
0.122968
1.413833
2.030798
0.132419
3.141130
0.456644
1.813464
0.145811
0.148764
2.340074
0.642230
0.601100
0.785222
0.100216
0.245910
0.014149
0.470124
1.299284
1.700230
1.734569
1.245087
0.104027
0.188018
0.019518
0.424563
2.169466
0.123003
0.149066
0.283998
1.288697
2.661384
0.450891
0.656162
1.604041
0.667412
0.576124
0.180937
0.391380
0.852392
0.362031
0.258196
0.048653
1.408667
1.476385
0.154138
3.632071
1.539854
0.729649
1.206682
0.923683
0.417708
0.532553
1.209807
0.719175
0.566029
0.048864
0.508507
0.793993
0.206013
1.038005
0.317913
0.123667
0.008818
1.400373
2.467975
0.684672
0.212478
0.084203
1.712696
1.448291
0.485312
0.048327
1.674067
0.150853
1.707689
3.109203
0.120547
0.927107
0.641096
1.684032
0.232247
1.685947
0.257828
2.396837
0.396868
1.077329
3.139238
1.295302
0.232512
0.154156
0.465253
0.653530
0.300008
0.479332
0.265645
0.191683
2.091896
0.552883
0.294622
1.191282
0.210399
1.020767
1.360027
0.002259
1.512797
0.825678
3.161076
2.237465
0.181960
0.563708
1.229794
0.467789
0.281881
2.732121
0.332134
0.851472
0.902425
0.273507
0.355816
1.618856
0.481518
1.112982
0.330824
1.025388
0.053639
0.723518
1.691591
2.641877
2.807897
0.073604
0.980672
0.138582
1.240090
0.459320
0.141177
0.674029
2.664257
0.093524
0.483892
0.101716
0.734363
0.095704
0.635498
1.451689
0.026535
1.398114
0.414061
0.969168
4.857577
1.017321
0.549006
0.469021
0.370861
1.217885
0.015853
0.449551
0.247311
1.780832
0.343700
0.172891
2.327519
2.474549
0.339927
0.949600
0.334195
0.544455
0.109205
0.241352
0.711568
0.667622
0.372730
0.029754
0.863558
1.520866
1.585433
0.927673
0.764460
0.144079
0.255058
0.747911
1.481124
1.043001
2.312951
0.086079
0.433478
2.486020
0.588002
0.845952
1.379364
1.329619
1.307933
1.051893
1.053317
0.017960
0.306292
2.738105
0.575616
0.457730
0.162216
2.933094
1.926584
0.617838
3.733176
0.566860
0.277558
1.475013
0.037933
1.499613
2.358147
0.304287
0.361585
1.133274
2.407449
0.228734
1.429206
0.303411
0.129220
0.229495
1.787104
2.036237
2.821560
0.825941
0.734396
0.895773
0.867445
1.532632
0.748692
0.017776
0.164067
1.129352
3.335030
0.005686
0.148092
2.821271
0.576905
0.478063
1.243733
0.645479
0.170552
0.959978
1.339180
0.616611
0.349730
1.043826
1.092699
0.057229
2.403503
1.541355
0.302034
1.355396
1.065343
0.224612
0.362883
0.193094
1.574468
2.156832
3.209640
0.385512
2.322049
0.117595
5.700252
2.012262
0.123993
0.144221
1.643945
0.809637
0.722207
0.730803
0.031046
1.112066
0.145692
1.463213
0.140816
0.563344
0.538546
1.589833
0.666155
0.394529
0.872153
1.374394
0.070592
0.270943
2.960007
0.465996
0.532620
1.351173
0.296789
0.466114
0.062898
0.172838
0.660696
0.059342
0.025359
0.916597
0.213094
1.782745
0.168540
1.224992
0.431248
0.205392
0.473789
0.665295
3.083044
0.710724
2.483820
0.462963
0.363487
0.515664
1.192660
2.177731
0.162405
1.447084
0.132437
0.103235
0.147612
0.769978
1.827273
0.500930
2.402854
2.303681
0.804660
0.499307
3.163571
0.862277
4.986561
0.162101
0.526996
0.160490
1.937144
1.426810
0.406383
0.265590
0.282104
0.339854
1.354633
0.177192
1.075022
0.047836
0.833046
0.438965
2.709228
1.255899
0.127880
0.059170
1.678065
0.297431
0.902461
1.056741
1.053570
0.701120
0.804130
0.228243
2.273211
0.713857
1.522662
2.209003
1.078496
0.212567
0.039223
0.725212
3.024551
0.465866
1.382400
0.219681
1.080383
0.675273
0.445672
0.384552
0.771525
2.588707
1.122518
0.636964
1.021827
1.582710
0.751958
0.603906
0.053251
0.131234
0.111760
1.214588
0.986064
1.073718
2.377706
0.742289
0.184539
1.168305
0.534720
1.762623
2.125279
0.602631
0.421875
1.783915
1.743191
0.097843
0.029682
0.664702
0.877529
0.492416
1.633820
0.129976
0.376491
0.652693
0.898912
3.074732
0.320123
0.129591
0.522774
0.394227
0.280419
0.719219
0.029394
2.051755
0.187694
2.752055
0.503300
0.414977
0.981656
1.658809
0.183983
0.705038
0.304170
0.717920
0.412385
0.091352
0.929991
0.457564
0.850682
0.210269
1.410706
0.474324
0.373264
0.072317
1.945278
2.348678
0.023844
0.140404
0.026395
0.563326
0.610263
0.315510
2.874496
0.665062
0.153237
0.121814
0.548115
0.771198
0.605744
0.048425
0.426447
0.973871
0.805604
0.940174
0.144582
2.217443
1.193177
1.347298
0.298797
0.314191
2.654867
0.014422
1.042178
0.276028
0.087829
0.701919
0.157488
0.113890
1.008845
0.188457
0.772910
0.096678
0.584018
0.657563
0.862538
0.878081
0.907764
8.965888
0.130065
0.052248
0.048291
0.633252
1.118676
0.917105
0.081837
1.649759
0.676169
1.493085
0.793990
1.385208
0.045983
0.649425
1.444123
1.178488
1.268912
1.884727
0.218931
1.999345
3.118437
1.783692
0.037016
0.681428
2.578804
0.651403
3.729432
0.697247
0.065186
0.849961
0.696991
0.204651
0.976770
0.796426
1.061911
0.352061
0.161799
1.319696
0.110559
1.023949
0.709490
1.057362
0.495206
0.805301
0.139587
0.167947
0.281439
1.891441
0.002735
0.583264
1.250791
3.182181
0.320080
1.386540
0.602595
0.220702
0.259739
0.559674
1.204274
0.345105
0.001173
0.225657
0.648025
0.979890
1.390586
0.140559
2.543515
2.307179
1.994448
0.026423
0.779326
0.465241
1.135398
2.685889
2.591107
1.655423
0.090408
0.186770
1.073338
0.093402
0.947502
0.464986
0.048851
2.173322
0.130015
0.693724
0.088007
0.431806
2.643565
1.534034
1.028672
2.660196
4.293619
0.127198
0.809036
1.337181
0.288440
0.646499
1.015762
0.121580
0.697557
0.197425
0.666498
0.199556
0.117655
0.530279
4.594705
0.219947
0.872094
1.044207
0.337729
0.215940
0.020086
0.406899
0.083836
0.152921
1.799248
0.179921
0.678195
1.441678
2.975921
0.145010
1.182652
2.738676
0.293603
0.285349
1.117059
0.703189
1.288701
0.371981
0.966205
0.256922
0.672935
0.112018
0.523367
0.918264
0.728838
0.506456
1.600614
0.104756
0.046465
0.088655
0.347676
0.067516
0.543224
0.468549
0.232045
0.292633
0.773822
1.202499
0.017323
0.668948
1.799051
1.240321
0.550081
0.093181
3.193126
0.100767
0.901321
1.149889
0.521700
0.240090
2.406831
2.266061
0.384802
0.381813
0.687302
1.813668
1.254388
0.349978
2.755150
1.427747
0.478253
0.261459
1.745477
1.605755
0.926752
0.033069
0.054420
0.154219
1.317089
0.072721
0.996062
0.836163
1.517991
0.055265
1.065956
1.346324
0.162075
0.287107
0.550144
0.812182
0.621778
0.405014
0.602194
1.525215
1.050994
2.984990
0.965929
0.454381
0.280715
0.811416
0.133887
0.980538
1.541050
3.010829
0.551913
0.494307
4.090994
0.648402
0.761260
1.256542
0.792435
0.178638
0.331276
0.397657
0.245079
2.774105
0.070328
0.457253
0.207225
0.675396
2.565131
1.050321
1.737714
0.470776
0.566691
0.643382
0.392957
0.053370
1.830378
0.843269
0.935836
3.351206
0.216403
0.500193
2.473457
0.964280
1.530593
2.292481
0.100773
0.380551
0.952819
1.030357
0.654131
2.266649
3.548343
1.195554
1.795380
0.039927
0.066613
0.021325
0.755417
4.384759
1.112529
0.437363
0.451011
0.109674
1.764635
1.164620
0.169419
1.103819
0.297944
1.442175
1.003363
0.601930
0.170994
0.796427
0.073634
2.826256
0.594293
0.182542
0.297437
0.064427
1.660577
1.337074
3.187766
1.519590
0.570666
1.573452
1.716680
0.691736
1.680776
0.431589
0.667145
0.663674
1.220057
1.896084
0.888962
0.762577
0.771764
1.365561
0.225565
1.586993
0.709988
1.803575
0.284629
1.095187
0.485083
0.383746
0.932137
1.786181
0.664648
1.991940
2.251854
0.350290
0.918685
1.920949
0.079817
0.036464
1.039034
2.273542
0.765936
0.616139
0.284456
0.022174
2.900761
3.044154
2.053962
0.763433
0.665339
0.526917
0.326699
1.164227
0.229460
1.546693
0.740505
0.602839
0.602524
2.380338
1.475954
0.060664
1.346619
0.297039
2.556572
1.006975
0.804082
0.741049
0.669841
0.992136
0.819150
0.144348
0.747116
0.099042
0.902359
1.486538
0.123553
0.775240
1.295391
4.422785
0.076172
0.238397
0.506795
0.433930
2.302046
0.922848
0.149767
0.550040
0.056950
0.895663
0.401304
1.753296
1.051319
0.073039
0.087502
0.850862
1.221164
1.011383
0.101302
0.214832
0.308566
1.065759
0.397105
1.569110
1.385610
2.552649
0.833825
2.010318
0.619027
0.345064
1.924513
0.765449
0.701048
0.289858
2.179637
0.517315
1.925821
0.026353
1.754197
2.403537
0.961476
0.171390
1.333323
0.312242
0.258697
1.715817
1.839785
2.703900
0.609666
2.772398
0.135109
1.280020
0.898995
0.605349
0.721007
0.419844
0.471991
0.082679
0.234337
1.818755
0.463907
0.065027
0.466247
2.080343
0.377735
0.300517
0.327107
0.184923
0.336275
0.111990
0.081681
2.335579
0.305784
1.686503
0.188067
0.676088
1.007906
0.012669
0.552435
0.095944
2.997280
0.800360
1.679073
0.783288
0.004961
0.396294
2.171114
0.479956
0.521792
0.099659
0.247131
1.503826
0.171752
0.895531
1.057954
0.639416
1.904978
2.685719
1.025076
0.147048
0.038507
1.271769
0.040815
0.358433
0.764641
0.237539
1.573236
0.185747
0.253633
0.244726
0.302459
0.191282
1.460644
0.077372
1.263014
1.482196
0.513572
0.924195
0.167296
1.651247
1.197339
0.466829
0.881675
1.936657
3.341664
0.272788
0.397816
1.691712
0.187021
3.488227
3.047952
0.233634
1.168315
4.897852
0.712489
0.253098
0.228120
0.359830
0.499432
0.558608
0.732482
1.061681
0.921544
0.338553
1.304089
0.384627
0.061940
0.139521
2.556762
0.240941
2.787337
0.968763
0.884609
0.743023
0.646765
0.802396
1.439999
1.632076
0.458142
2.712746
1.486874
0.385790
0.153144
0.621816
0.374874
1.054325
1.160403
0.726902
3.074291
0.083126
2.893007
0.640675
1.323849
0.791171
1.428211
0.620773
2.009780
1.716596
0.898198
1.553182
0.035042
0.757391
0.525726
0.971696
0.057034
2.164013
0.190321
1.706555
1.169937
0.778375
1.394955
0.622755
1.972816
2.245732
2.611380
0.190627
0.789047
0.949866
1.171683
0.692148
1.180816
1.007161
3.595876
0.556630
0.200199
1.319854
2.201237
0.048575
0.805530
0.657839
1.806914
0.885723
0.013230
0.280659
0.234639
0.071046
0.139091
0.481994
2.181170
1.711828
2.567830
1.019560
0.332679
1.533558
0.762275
0.235174
3.165162
0.082424
1.730327
1.043975
0.864217
0.725145
0.332252
0.801138
2.857852
0.623854
0.334086
1.783446
0.716495
1.814968
0.376838
0.426759
0.552935
0.396181
0.896716
1.004806
0.503678
1.279933
0.016469
0.332382
0.779595
2.807298
2.551468
1.739593
1.286867
0.607757
0.034565
1.144630
0.764746
1.943153
0.399889
0.120098
0.466002
0.947521
1.091682
0.378485
0.079502
2.963389
0.159047
0.886642
1.539507
0.618070
2.738638
0.236044
1.551790
0.749579
1.858788
0.203130
0.286854
1.969493
0.628510
1.564403
1.609961
0.492080
0.955020
0.742274
1.858387
1.047454
0.230204
0.475819
0.705055
0.766221
0.676862
2.107122
0.159621
0.169768
0.215069
0.253547
0.110368
0.416362
1.670886
2.207356
1.617344
1.375399
0.105653
0.890883
0.321164
2.889601
1.485161
0.742495
1.634110
0.274632
0.378135
0.928815
0.991001
2.660079
0.138054
0.640310
0.865663
0.407332
1.907137
0.088991
2.038767
0.420506
3.312057
0.017496
0.691998
0.170875
0.276150
0.926141
0.688422
0.054689
0.681080
0.355542
1.611850
0.901877
2.197446
0.078154
0.773478
1.086035
0.914424
0.420784
2.328885
2.454741
2.965144
0.757986
1.859002
0.080555
0.004271
0.550606
0.530981
1.936253
0.710386
0.330984
0.221947
0.638857
0.355429
1.198877
0.992033
0.777459
0.360092
0.135602
0.900536
1.591194
0.555155
0.501090
0.495133
0.378235
0.633573
2.646552
3.788826
0.071024
0.318242
2.120043
4.055604
0.249770
0.529947
1.753579
0.354414
0.537214
0.288011
1.239214
0.316606
1.422096
4.849976
0.635680
0.262530
0.344321
0.184996
1.966647
1.782164
0.637297
4.333977
0.554037
0.311425
0.532563
1.712050
1.073261
1.301335
0.340819
0.884824
1.221490
0.442190
1.964587
0.879918
0.415588
0.084258
5.668563
0.182595
0.476782
0.531322
0.539810
0.093882
1.150607
0.193504
0.085320
0.167212
0.522274
0.466936
0.389895
0.310480
0.229170
1.580618
0.292747
0.994742
0.063739
1.098685
0.597265
1.272460
0.501738
1.341313
0.366828
0.105063
0.100783
0.182550
1.154913
0.572556
0.284572
1.144014
0.923348
0.985870
0.098313
0.020156
1.260528
1.501438
0.218016
1.600861
2.676122
0.923107
0.187966
0.293087
2.037316
0.471867
0.049395
0.131717
0.006365
0.116472
1.561134
0.608862
1.770798
0.204107
0.216327
0.147195
0.334574
0.343052
0.362020
3.482578
1.295785
0.801613
1.051922
0.399180
0.196357
1.364022
0.429375
2.251669
0.737224
0.787394
1.181083
0.602814
0.159803
1.998129
1.226807
0.017461
0.275194
1.406364
0.151662
0.283584
2.001829
2.671089
1.213855
1.186509
0.122674
2.277680
1.781348
0.510500
0.208103
0.145396
0.460571
2.455665
1.160644
0.020010
0.278820
2.002455
1.444687
0.897488
1.426172
0.336508
0.147780
0.602990
1.341207
0.335566
0.381609
0.589225
0.360076
0.816023
0.223407
0.585365
1.633388
0.067340
0.468278
0.708633
1.426439
0.672107
0.519465
0.895083
2.199787
0.899036
1.297358
0.298743
0.707717
0.533519
0.325814
1.388520
0.326367
0.043159
0.420016
0.038983
0.397468
0.654585
0.675424
0.068762
1.449912
1.651813
0.716813
0.070192
0.455882
1.244462
0.715154
0.187347
1.500703
2.161120
1.134843
0.769735
0.468681
0.087399
0.137299
0.305637
1.129258
1.931281
0.737299
0.203291
0.312659
1.607720
2.725932
0.791775
1.844507
0.325008
0.879941
0.186182
1.418077
0.079316
0.269617
0.740721
2.158919
1.378413
0.894078
0.288564
0.616049
0.107472
0.547327
0.270435
4.320186
0.105397
1.486409
0.447656
0.203000
2.323882
0.978754
1.969324
1.415290
0.157610
0.045424
0.025980
2.909058
3.859558
0.850048
1.548200
0.296254
0.171736
3.152312
0.014324
0.266639
0.215144
0.771004
0.126244
2.840381
0.137501
0.460865
0.513366
0.261840
1.564310
1.017424
0.244710
2.214582
0.531525
0.862616
0.077446
0.377459
0.225853
2.732930
0.074232
0.427682
3.881462
0.102242
0.347367
3.177303
1.108041
0.084277
0.241693
1.757897
0.038814
0.259970
0.063625
0.263504
1.454045
0.198749
0.190243
2.252305
0.797411
0.855112
0.133770
0.415930
0.239832
0.418971
0.262761
0.982247
2.528486
0.364703
2.812249
0.130547
0.275186
0.011540
0.635569
0.248395
0.115033
1.443162
0.196319
1.507143
1.862036
0.499150
0.931534
2.143146
0.972539
1.101700
0.121445
0.491439
1.883470
0.339119
0.332816
0.506575
1.983163
0.524768
1.338336
0.078617
1.388634
3.467108
1.207773
1.111103
0.320743
1.024622
1.575951
0.723522
1.057112
0.305921
1.327674
1.432151
0.027757
2.443655
0.775797
2.055877
0.365442
0.157490
1.405412
2.630932
1.678835
2.033278
0.380153
1.082780
0.170428
0.914646
0.060591
0.019247
0.007678
1.592138
0.099455
1.419781
1.449459
1.588692
0.560432
0.040502
0.574255
0.251320
0.808899
0.093671
0.665108
0.341869
1.901282
0.719814
0.226544
0.494766
0.486420
0.710957
0.767872
0.150719
0.574147
0.429875
0.009046
1.398603
0.010815
0.181164
0.434482
0.072085
0.204279
0.446364
2.010350
0.327719
0.125883
0.997937
0.078223
0.792568
1.111861
0.717681
1.467704
0.255803
0.920136
0.294811
0.724151
0.601769
1.463111
1.265777
1.847979
0.166836
0.257225
0.475532
0.347535
1.089517
1.301421
0.360364
0.539018
1.341749
0.631637
1.465682
1.651094
1.058557
0.138261
1.121528
2.695310
0.284235
0.364677
0.007751
1.583428
3.756426
0.733632
0.830746
0.226071
0.129395
1.712598
1.264439
0.852218
0.886947
0.571961
0.537814
1.353828
1.085859
1.581931
0.035962
0.394539
0.738725
0.412339
1.357470
0.302307
1.640824
0.716965
0.071549
0.614750
1.024146
1.359721
0.497091
2.192003
0.050080
0.509864
1.148970
0.025810
2.516535
0.284105
0.258535
0.041483
0.069260
2.908094
0.952350
1.064225
0.479654
0.030607
0.505432
0.044361
1.740489
0.565771
0.461085
0.425937
1.469582
0.118885
0.935810
0.858394
0.977789
1.129426
0.036023
0.307551
0.544811
0.557016
0.166128
0.632796
1.751616
1.808493
0.681960
1.369508
0.087097
1.280828
1.543662
0.162905
1.101456
0.511775
1.636463
0.049837
0.563369
0.225757
0.096519
0.294744
1.005574
0.618797
0.921606
0.517756
0.852137
0.235535
3.927225
0.219844
2.177130
0.015808
0.620102
0.366267
0.584772
0.954961
1.494225
0.313717
0.600152
0.314646
0.015156
0.765037
4.846652
1.616686
1.155219
1.078100
0.225664
0.674020
1.232285
1.001647
1.179059
1.611348
2.189288
0.395412
0.303526
0.673588
1.312082
1.803552
1.203894
1.241477
0.033188
0.883364
1.297281
0.682709
2.237661
0.185719
0.116451
1.105243
0.577620
0.823707
2.793971
0.604787
0.100795
2.673179
0.294711
1.518194
0.893371
0.611138
0.316407
0.355391
0.094303
3.315077
0.104786
3.816544
0.342865
0.448276
0.631338
0.021231
0.218852
0.184039
1.316956
0.260329
1.405301
0.613923
1.287193
1.044121
0.989587
1.795054
0.381068
0.069390
0.502658
0.295299
0.735734
0.675230
0.206604
1.496554
0.317253
1.502310
0.265746
0.783270
0.079569
0.390615
0.706758
0.193546
0.358613
1.594674
0.770546
1.467399
1.703928
1.323503
2.773750
0.798692
3.296858
1.178563
0.008899
1.161412
0.415937
1.013708
0.735716
1.070453
1.217958
2.475952
2.439983
0.254908
0.522355
0.104801
0.001113
1.135478
2.094602
0.267198
0.250800
3.065428
0.816078
1.304093
0.138497
1.960366
0.745718
1.098333
0.990661
0.421045
0.511446
0.835267
2.241699
0.451571
0.299108
2.328739
0.051640
0.913293
0.775900
0.846687
0.295641
0.279551
0.667643
0.184865
0.632785
2.243956
0.312357
0.634881
0.850253
0.156841
1.219018
1.582384
0.103725
0.304242
0.740441
0.258590
0.129551
0.049929
2.248416
1.387012
0.498144
0.349282
0.380413
0.336963
1.073468
0.855529
0.209051
1.232743
0.190846
1.303266
0.328053
0.561569
3.583939
1.455683
0.912472
0.581826
1.080932
2.015522
2.420521
0.265809
0.011981
0.956083
0.028327
0.117024
2.103095
0.800790
0.412937
7.474537
0.915614
0.264916
1.384744
4.837329
0.749793
0.068314
0.325919
0.205444
1.024362
0.628827
2.246420
1.685861
0.217087
0.191037
0.280245
0.183170
2.824416
1.850688
0.937762
0.919740
1.236565
0.733181
1.800548
1.278444
0.145287
1.985740
1.783586
0.013235
0.534004
0.186645
0.012661
0.013568
0.515823
1.436296
0.005563
2.666816
1.761576
0.333635
0.123571
0.633371
1.388166
0.010519
0.333958
2.911527
0.203785
0.751449
0.119889
0.133553
0.463923
1.278259
1.296074
0.084261
0.275885
0.823684
1.621197
0.472128
0.551489
1.005951
0.493435
1.818036
1.632527
0.514257
1.904695
0.232634
0.179424
1.942676
0.148596
4.889447
0.151247
0.293465
0.619293
2.214869
0.307598
1.368812
1.810573
0.596294
0.320079
2.984212
0.853714
1.035909
1.111390
0.357483
1.294280
2.430403
1.978717
0.751291
0.340134
0.336399
0.177389
1.132580
0.131611
3.414625
0.083223
3.667117
0.191969
0.279850
1.778626
0.375058
0.269943
3.557664
0.837192
1.198164
1.982873
1.782984
0.586705
1.199869
0.329915
1.264967
1.044656
1.932297
0.450747
0.384319
0.169307
0.092941
0.262774
0.017659
0.959708
0.732739
0.361209
1.512046
0.219660
0.555970
1.372994
0.324433
0.512384
2.542370
0.736401
0.264049
0.266666
1.417756
0.227602
1.615186
0.608797
0.068157
1.002422
2.300970
1.446691
2.453709
0.961261
0.532457
1.466250
3.934136
1.316489
2.589752
0.071700
3.297097
2.855369
1.158952
0.658589
0.281875
0.626848
1.138270
1.115096
0.238739
3.139376
0.075856
0.143524
0.649812
0.364008
0.458503
0.268662
0.710647
0.185026
1.176338
0.854630
1.619123
0.895097
0.414322
1.258617
0.234485
1.394532
0.663907
0.210054
0.661602
0.527846
0.299281
0.592371
0.434777
2.897414
2.650789
0.911857
0.528584
0.939129
0.315175
0.975352
0.834071
0.420664
1.413214
0.044556
1.045556
0.132858
0.327361
0.170999
0.347189
3.532576
1.315787
0.100103
0.825999
0.073591
1.667115
1.475015
1.731603
0.351507
3.236123
0.366690
1.225874
0.247607
1.402265
0.060908
0.179327
1.150007
1.070936
0.855027
0.345873
2.626257
0.220234
1.952770
0.316137
3.085854
2.319705
2.520047
0.081991
0.199517
0.079825
0.465291
0.164456
1.652651
0.629803
1.251229
2.115335
0.326440
0.663728
1.212027
0.855397
0.590150
0.009426
0.330429
1.093890
1.441144
0.416234
1.767593
0.591871
6.113323
0.517489
1.343642
2.596125
0.920434
0.909379
0.218751
0.811847
0.690996
0.123324
1.006989
1.138800
0.214115
0.006753
1.780473
0.001204
0.642519
0.788093
2.125360
1.396532
0.030831
0.874709
0.396652
0.646486
0.897466
0.938579
0.152226
0.439656
2.981655
3.522075
1.621767
2.938936
0.469119
0.779919
2.059765
3.733901
0.149408
0.071490
0.759422
1.015298
0.204588
0.182417
0.381996
0.474432
0.190527
0.161277
0.476367
1.042734
1.184931
0.300530
0.510920
1.289506
1.848909
1.300076
0.224031
0.570912
0.409934
0.418421
1.564138
0.336308
0.374515
0.899390
0.264845
1.160989
0.144724
0.111145
1.087448
0.319546
0.191385
0.216898
2.421671
0.445042
0.449000
0.259716
1.335466
0.766170
0.474290
0.123218
0.201774
0.074622
0.470809
0.874135
1.592085
0.246021
0.371449
5.881252
1.058674
1.040075
0.414189
0.586656
2.690735
1.054119
0.037700
0.180137
0.412980
0.188425
0.314759
0.001250
0.589254
0.587384
0.218451
0.440811
1.626704
0.816378
0.879995
0.777372
0.097812
3.293819
1.068035
0.322827
0.035414
0.032337
1.956714
1.779592
0.287568
0.185058
1.763182
2.333034
1.690192
0.183473
0.425895
1.377077
1.709956
0.484206
2.436446
0.171323
0.810920
0.201583
0.172807
0.000810
0.985599
0.438407
0.442070
0.562484
2.440780
2.856154
3.526624
0.006106
2.358085
0.985943
0.331269
2.816628
1.075090
0.151598
1.476157
2.393031
0.370499
0.916260
1.669435
0.133676
1.459352
0.172524
2.062082
0.883677
0.781487
1.538700
1.363322
0.102948
3.439018
2.331915
0.103846
0.903099
0.298173
0.608680
0.025212
0.187215
0.508232
5.401987
0.194583
0.362177
0.973934
0.613985
0.279758
0.330086
0.914983
0.015641
0.210456
2.397849
0.955829
0.001433
0.034812
0.483081
0.174227
2.375413
3.501884
1.211229
1.178838
1.251938
1.609413
1.079597
0.959564
2.288987
0.294312
2.077582
0.437827
0.328299
0.046569
1.398385
0.322059
0.251445
0.058525
2.280334
1.142984
0.357931
0.197096
0.329352
0.380380
0.459933
0.210347
2.686854
0.462204
0.253487
0.378373
0.755023
0.140336
0.335311
0.264186
1.733288
6.844280
0.032693
0.660806
0.956787
2.670682
1.341402
0.674604
0.335973
0.018545
0.768181
0.039117
0.347741
1.420751
0.100049
0.212536
0.579107
0.504324
0.462602
1.273721
1.246478
1.343351
2.406928
1.033920
0.115564
0.143660
3.204352
1.019255
0.307547
0.280110
2.050313
0.092170
0.278701
2.337895
0.847733
1.959766
1.797362
0.371261
0.430399
0.127404
0.398256
2.170632
0.171956
0.973466
1.033842
0.291946
1.680380
0.087699
1.047759
0.203406
1.630531
0.449044
2.565039
1.252053
0.006170
0.032751
1.883224
3.368717
1.112782
0.119519
0.235552
0.782333
0.224022
0.603488
0.590828
1.479803
0.374269
0.329054
0.086052
1.084588
0.510855
0.529267
0.793749
0.816449
0.033755
0.213460
1.667028
1.876591
0.323210
0.617057
0.031431
0.083765
1.727274
3.079683
1.581996
1.762490
4.286454
1.028163
1.579633
1.071784
1.406454
0.003822
0.223475
3.116593
0.610488
1.039579
1.301988
1.465868
2.614453
1.663172
0.564018
0.395727
0.250292
3.860135
2.161183
0.293859
0.187716
1.190740
0.107037
0.592991
0.170164
0.142082
0.750101
3.849296
0.090446
0.388780
1.645523
0.075502
3.336906
0.918888
1.310539
1.270978
0.928496
2.667731
1.124345
0.063757
0.860352
0.516080
1.777202
0.700734
0.240300
0.303772
1.775427
0.570991
0.275629
1.256671
1.170065
0.531123
0.530015
1.566191
1.961724
0.839046
2.571913
0.489497
0.790943
0.010138
1.235058
0.436447
0.086440
1.119740
3.094641
1.677367
0.499355
0.819984
1.361505
0.070651
0.971085
0.386710
0.637443
0.601877
1.740065
1.155072
1.252422
1.064442
0.127833
3.103183
0.462798
1.658906
0.457522
1.522728
0.918327
0.256874
0.430416
0.743230
0.950881
2.266682
0.764667
0.389761
0.287703
0.960558
5.631483
0.229066
0.562918
0.493468
1.445134
0.191379
0.611950
0.487131
0.682984
2.645995
1.819115
0.384756
0.951997
0.803004
3.667642
1.324372
0.707475
0.423034
0.784568
2.073561
0.135622
0.156066
0.106246
0.647388
1.105399
1.253150
0.466702
0.227444
0.037886
0.975374
1.718992
0.034172
1.758362
0.289295
0.550068
0.896387
0.554062
2.126928
3.797441
2.529256
1.660007
1.689578
0.273996
0.551461
0.457951
0.240962
0.171884
2.075725
0.818874
1.209341
1.381495
1.158041
1.871472
1.894418
0.177320
0.723657
0.830091
0.766624
1.267471
0.919216
0.172415
0.774814
1.007208
4.271782
1.562645
0.059593
0.862754
0.243102
2.791144
0.810971
0.146287
1.380357
0.463586
0.471212
0.189230
1.340930
0.891314
0.400966
0.949156
0.161291
0.032454
0.448994
1.800930
2.104030
0.237400
5.930457
0.499326
1.493053
0.760921
0.118241
0.472379
1.174847
1.051905
0.011309
1.130651
0.581869
0.071600
0.294611
1.069895
0.007776
1.664698
1.575255
1.411643
0.200561
0.184885
2.640321
2.527309
1.421648
0.299739
0.761552
2.382057
0.343789
2.251782
1.356714
0.185075
0.112175
1.346447
0.825578
2.132225
0.318280
1.119436
0.298284
3.316899
0.391953
0.313554
1.024187
1.449922
0.412870
2.264235
0.548816
0.424645
1.227046
0.242597
0.107870
2.194370
0.484853
0.031405
1.653900
0.154196
0.342358
0.418180
0.051858
0.869474
0.269901
1.575183
1.385438
0.419550
0.761142
0.373682
0.253711
1.637161
4.222652
0.657767
1.466218
0.370491
1.390898
0.527828
0.077979
0.093652
0.365580
0.687926
0.571635
0.013134
1.247557
0.771442
2.318915
0.102040
0.840654
1.238969
0.274309
1.955298
0.053478
0.343109
0.578579
0.340546
0.087160
0.209600
0.997706
0.957990
0.694940
1.933505
0.547844
0.665991
0.411513
0.211967
1.588853
0.092665
0.919104
2.046829
0.195895
2.378703
0.459244
0.950105
2.530463
0.084505
0.163642
1.725958
0.196064
1.271273
0.759960
0.541187
0.862758
0.878004
1.232312
0.017460
2.063623
1.569504
0.231176
0.701749
0.524567
1.228593
0.445728
1.771919
0.215091
1.194006
0.021226
4.544281
1.539429
0.973194
1.967745
3.307646
0.753864
0.259376
0.859668
0.597533
0.370340
1.300673
0.317221
0.668533
0.592717
1.630383
2.358981
0.025503
0.491896
0.951570
0.043418
0.303189
0.520400
0.286203
1.451680
1.681503
3.127792
0.134063
1.032542
0.162187
1.728563
1.093331
0.149765
0.936384
0.338312
7.290409
0.847126
1.695444
0.258492
0.160230
0.309676
0.770645
2.085087
0.772506
0.025139
0.389908
0.418993
2.663686
0.427804
1.312393
0.785646
0.495199
4.875110
2.993581
1.020097
1.419599
1.443069
0.905414
2.151191
0.523738
1.367838
1.224567
0.075370
2.157901
0.376983
0.445704
2.152017
2.166541
0.193717
0.118261
0.034052
0.584157
1.046459
2.398905
3.940919
1.119774
0.264048
0.389878
0.926229
0.867797
0.055180
0.160322
3.529311
0.047145
0.103166
0.941903
1.630868
1.979205
0.230345
1.164415
0.314052
3.017639
0.500892
0.418730
1.804942
1.231283
1.209805
1.270349
0.900193
2.102534
1.776686
0.986144
0.386071
0.653201
0.768238
0.357886
0.166373
1.462027
0.977389
1.415620
0.428261
1.131322
2.357625
0.384242
1.285344
0.003384
2.647165
0.750109
2.003956
0.144897
0.242811
0.144700
0.089894
0.940558
0.647860
2.544506
0.382245
0.196721
1.023750
2.421154
0.058089
0.637820
0.772556
0.472746
3.019605
0.077248
1.131834
0.110316
1.848796
0.358486
1.978139
0.211872
3.847167
1.456841
0.713279
1.211013
1.471447
0.578236
0.261092
1.009520
0.853321
0.589453
1.471085
1.078734
0.056527
0.283902
0.870989
0.466221
0.554674
0.251308
0.333813
0.658117
1.183431
1.725867
1.958186
1.035506
2.266453
0.768829
1.383905
1.342829
1.818377
0.944370
2.656775
1.694838
0.474983
0.579445
0.730798
0.160769
2.111174
1.379379
1.533022
0.603135
0.215218
0.808427
0.119776
0.285809
1.617478
1.185292
0.970815
0.257919
2.483628
2.354282
1.236207
0.942465
1.298355
0.840261
0.294756
0.976413
0.110760
0.004700
0.449785
2.856974
0.956500
0.345396
1.422663
5.094444
1.316213
0.324905
0.153595
0.943548
0.026005
2.610452
0.065779
0.247570
0.655737
0.194243
0.630921
0.332041
2.047056
0.093349
0.713113
1.548557
5.143421
0.247692
0.507131
1.277196
1.550235
1.058622
0.422391
2.231647
1.072229
1.226753
1.803061
0.319544
6.739769
0.901735
0.311141
1.311812
2.052132
0.527243
0.417675
2.275054
0.409878
0.519338
0.123878
1.699413
0.871385
0.878059
0.105084
0.602418
1.119433
0.940673
0.274383
1.101709
1.766295
1.015390
0.492461
0.959294
0.343625
1.322012
0.712300
2.967346
0.580102
0.422649
0.251132
0.577991
2.794041
0.672305
0.185901
1.662658
2.295012
0.715531
1.229545
0.268545
2.478768
1.737767
0.054158
0.688721
0.525091
0.165428
3.001665
0.085594
1.435921
0.211036
1.385218
0.894379
1.760226
0.149208
0.233163
0.126470
2.055816
1.263937
0.069735
0.374214
0.064168
0.341702
1.390888
0.000979
1.509183
2.535647
1.667832
1.133667
0.565383
0.731719
2.449437
0.427727
0.420080
3.392504
1.869458
1.392330
0.126521
1.590069
1.792985
2.128198
4.293557
0.875312
0.638824
1.683826
1.279696
1.139629
2.705106
0.901131
0.506705
0.000496
2.365098
0.615584
0.342400
1.070624
0.617397
0.071330
0.862738
0.317451
1.374344
0.009901
1.565023
1.080730
0.442954
0.143781
0.986252
0.227724
2.166543
1.369919
8.272168
1.269275
0.985697
4.275018
0.359870
0.104148
1.611570
0.024406
1.509457
1.322616
0.962337
0.194183
1.324480
0.742465
1.011062
0.024287
0.199996
0.101835
0.097437
1.424044
0.460163
1.831549
1.465831
0.174039
0.694122
0.135794
0.347657
0.136410
0.401423
0.197337
2.066625
0.401041
2.283276
0.693564
0.380479
0.223498
0.914084
0.124307
0.254111
0.474954
1.900154
1.847663
0.808736
0.878305
0.456425
0.211644
0.937791
0.793458
0.339071
1.208478
0.366701
1.068240
0.779104
0.079149
1.693490
0.042563
0.226994
0.116289
0.185349
0.762942
0.340897
0.043506
1.995727
0.206923
0.782594
0.199123
0.489719
0.153032
0.353028
0.945707
0.733936
0.160048
0.605118
0.077489
1.318300
1.717278
0.308307
0.416908
0.459131
0.804924
0.043186
1.124396
0.234793
0.875749
1.391301
0.025717
0.981151
3.086164
0.145223
1.581366
0.669491
0.551715
1.813263
0.434044
0.944064
0.477488
0.760713
6.296779
0.737221
1.772601
0.940975
0.042430
3.817010
0.065865
0.123417
1.239313
2.155795
0.480321
0.052700
0.290829
2.722560
0.098277
2.624279
0.154970
1.130266
1.135556
0.185063
0.359784
1.002611
0.362576
0.101456
0.129096
1.302532
2.708422
0.640985
0.414174
0.375448
0.005911
0.411390
1.799247
1.807907
2.937931
2.088432
1.682060
0.010826
4.856733
0.743234
2.253385
0.467829
0.857460
0.159364
0.368073
1.106737
0.077769
0.600554
0.425285
1.400711
0.968744
1.045801
0.488833
2.584408
1.366762
0.708807
1.057614
1.134531
3.963067
4.807360
4.761293
4.334282
0.399139
1.748827
1.730994
0.323139
1.211135
1.013080
0.338127
1.185364
0.175935
0.200712
0.070427
1.335941
0.399233
0.471505
0.521640
0.517493
1.756954
1.397841
0.171459
0.593973
0.513262
0.785753
0.465900
0.158443
0.053393
0.025468
1.742716
0.033544
0.017123
1.695002
0.020077
0.424770
1.028405
1.850033
0.973408
0.422455
0.653291
2.398014
0.039707
1.024424
0.095359
0.113095
0.474954
0.544933
0.659464
1.534979
1.737876
0.371501
0.770914
3.999325
1.419531
2.794747
0.746328
0.139955
0.089267
0.862485
0.169306
2.411887
0.943856
0.189620
1.297387
0.996287
0.731485
0.460732
0.641542
0.152001
1.250864
3.061647
0.051414
1.397039
0.901861
0.152066
1.963300
3.585336
0.823683
0.419276
1.413922
0.486611
1.057795
0.348455
0.457231
0.529248
0.265388
2.233632
0.779915
0.383445
0.636293
1.195027
0.259865
0.085150
2.040458
3.114504
1.246106
0.492391
0.392714
0.205669
0.754703
0.039282
0.149762
0.867415
1.566342
1.321531
1.276659
1.052105
1.222632
0.331592
5.002004
0.620563
1.101156
1.038614
1.412969
0.035088
0.058697
4.572927
2.621972
0.912702
0.368404
0.507647
0.350787
0.770043
0.653379
0.181398
0.678468
0.213308
0.809083
1.700371
0.474799
0.088376
1.937281
0.727898
1.092276
1.041562
0.288149
0.487077
0.353673
3.121208
1.102017
0.344141
0.541722
0.408439
2.768211
0.192172
0.461706
5.155577
0.179734
0.352587
0.898438
0.639928
1.188174
2.195174
0.009724
0.192297
0.056102
0.697723
0.457333
0.939793
0.385173
1.366572
1.183762
0.193065
0.303943
0.443826
1.729736
0.718357
1.362589
0.128475
0.631758
0.530693
0.530578
2.176816
1.374824
0.429185
0.063401
0.124326
0.420366
0.256106
0.534505
2.748690
1.199350
0.115707
1.740967
1.231984
0.334357
2.113676
0.236443
1.053349
0.670404
0.755526
0.504600
0.201349
1.223523
1.073968
0.778261
0.751787
0.187291
0.335192
1.047086
1.019267
1.192709
0.062701
0.745997
0.586479
0.527187
0.884724
0.822403
1.398085
1.677246
3.675634
1.167701
0.716871
0.087663
0.720658
0.248473
0.459075
0.498855
0.563134
0.019555
2.130928
3.239449
0.537200
0.065762
1.098480
0.076846
0.927459
0.217037
0.280726
2.200402
1.858801
2.153352
0.881510
2.353002
0.527030
0.030006
0.377831
5.749658
0.892052
0.069976
1.660353
0.832071
1.412648
0.388092
1.046352
0.314807
0.780142
0.017061
1.087212
3.584055
0.036955
0.785521
2.703834
0.601294
0.935892
0.915477
0.746265
0.238519
1.583643
1.472421
0.106971
1.018641
1.062867
1.162482
0.784892
0.066333
1.261783
1.955347
0.062936
0.366779
2.604615
2.047360
2.054868
1.147501
0.213905
0.735374
3.049999
1.325139
0.771302
0.955775
1.225779
0.853011
0.173882
1.020326
0.026106
1.458297
0.273381
0.802145
3.890963
0.034561
0.388998
0.084493
1.117444
3.763630
1.462368
0.244261
0.041845
0.663908
0.078179
0.107560
1.571188
0.001270
3.608316
1.090918
1.151508
0.180896
0.204280
1.011925
2.299705
1.281412
0.290309
0.931868
0.351297
0.530299
0.281972
0.388598
0.197158
0.663399
2.068520
0.172585
0.731624
0.218022
0.273826
0.212894
0.189579
0.007879
0.525051
0.240383
0.679269
0.661021
0.379288
0.335773
0.663483
0.340456
2.981959
0.184868
0.605194
0.143954
1.636129
0.436558
1.940914
0.058938
3.217023
0.165644
0.632628
0.230207
0.643683
1.043399
1.172905
0.428130
1.641228
0.234972
0.785624
0.046875
0.512769
1.261805
0.055134
1.658839
2.666877
0.791101
0.347172
0.282605
1.783012
1.506259
0.765152
1.519486
2.938371
4.489004
2.468023
1.395600
0.419328
1.476986
1.658368
0.360163
2.581340
0.326224
0.709415
0.509116
2.605056
0.221397
1.375340
1.318109
0.524263
0.344480
1.505764
1.656391
0.008303
1.782566
0.964467
2.793611
0.475536
2.431897
0.204546
0.236124
1.172448
1.271964
4.766870
1.014566
1.232673
2.372373
0.493896
0.052345
1.134496
0.222276
0.436083
0.923173
0.649441
1.976916
0.001718
0.517118
0.061988
1.382155
0.146324
0.631327
0.041212
2.456606
0.324745
0.049866
1.370691
2.264347
4.377536
0.132980
1.651470
0.189257
0.407720
0.690399
2.226976
0.395011
0.146257
0.917876
0.265358
0.746168
1.054497
2.424575
1.291442
0.005081
0.722015
0.226635
2.014199
0.725555
0.932805
2.612907
0.307759
1.357411
0.502186
0.364249
1.069875
1.114991
0.436840
0.515867
0.839756
0.417592
0.749790
0.472272
0.721126
1.983178
2.079765
0.520778
0.209113
0.011167
0.006597
0.547775
0.769865
1.073551
0.405339
0.303880
1.088491
1.880438
0.625187
0.754700
0.451647
0.074067
0.609776
0.989745
1.682354
1.905965
2.712214
0.636791
0.741084
0.339026
2.071711
0.096056
0.991297
0.513436
0.631118
0.153968
0.306434
0.420137
0.795495
0.602629
0.437185
0.810170
2.074606
2.217074
0.240067
0.232743
0.166200
2.093140
0.056697
0.962235
0.521801
0.542215
1.169096
1.988333
0.048003
0.700004
1.253154
3.936302
3.666307
0.271547
0.311996
1.886900
0.399563
2.272254
0.287713
1.596474
0.040427
0.721457
0.151327
0.887372
3.398765
0.682369
0.154879
1.838723
0.487198
0.441464
0.049845
0.773875
0.266059
0.109528
0.170479
1.022083
0.738738
1.871399
0.699632
0.842003
0.430027
0.245426
0.797692
0.391470
0.607758
1.701818
0.189221
1.536265
1.253754
0.548908
0.872769
1.403196
2.754767
1.282442
0.419240
2.332649
0.244907
0.665404
1.362348
0.923510
1.850490
1.572933
0.152749
0.079526
2.266318
0.354384
1.260901
0.542300
0.156053
0.248248
4.401711
0.681207
0.575297
0.770842
1.703374
2.233917
0.438544
4.638568
1.132299
0.072134
0.532302
0.300991
1.736043
0.429437
4.048772
0.181806
0.290468
0.222867
1.056045
5.528380
1.622807
0.683219
1.553964
2.887967
0.847365
1.154860
0.278002
0.339760
0.109245
0.489702
0.709058
0.095666
2.130190
2.906893
0.990500
1.201034
1.821683
4.112546
1.169396
0.725578
0.054697
0.107801
1.495532
2.095663
0.600237
1.420583
0.044212
1.215387
3.174997
1.188821
1.202083
1.430713
0.211254
0.669478
1.221365
1.435017
0.189857
2.954157
0.051238
0.323532
0.408071
0.816083
0.458303
0.243670
0.699557
5.586802
2.469475
0.417702
3.906386
0.928404
1.947688
0.033675
1.227617
1.003122
2.409346
0.172366
0.497078
3.065607
1.978574
0.430629
1.046383
0.823634
0.117390
1.827753
0.050441
1.692462
0.919080
0.251174
1.443126
1.052861
0.690200
0.104117
0.234333
2.011171
0.378532
1.245130
1.983558
0.262020
0.055024
1.847112
1.803755
2.418381
2.082829
0.781609
0.785705
1.539673
1.206174
2.747248
1.342941
0.826435
0.336587
0.490562
0.131886
0.505105
0.257403
0.189648
0.238882
1.760594
0.502300
3.742440
0.652234
2.238548
0.078160
1.164820
1.425264
0.494817
0.511022
0.972798
0.969750
0.604505
0.624152
0.609069
0.453484
0.415072
6.484885
2.394605
0.133824
1.201088
1.862315
1.996417
0.303170
0.139818
0.290214
0.486273
0.748747
0.651697
0.816074
1.345280
0.366577
3.051211
1.258208
1.541855
1.871356
1.565521
0.642525
0.930491
0.200085
2.072703
0.258274
1.620300
0.397214
1.177332
0.298815
1.178954
0.032118
0.296759
0.919273
0.170626
3.121533
0.590371
0.021267
0.245181
0.858875
0.318744
0.922619
0.109149
1.393432
0.174781
1.851103
0.060467
0.119975
0.818197
1.862339
3.197664
0.430467
0.383794
0.831909
0.757436
0.214287
1.572136
0.405406
0.735415
0.662229
0.895501
0.239645
0.725477
1.886341
1.683538
1.117091
1.631095
0.301325
1.183555
0.021961
1.811092
3.403707
0.978818
2.812200
1.267723
1.535277
1.527229
1.501495
2.279468
0.417999
0.972581
1.943539
1.175810
2.823842
0.547466
0.251754
0.143300
0.240779
0.811610
1.061893
1.198270
0.159529
2.019608
0.241041
5.479687
1.144374
2.180019
1.610009
2.842832
0.869341
1.725052
1.506268
0.793018
0.590737
1.266527
0.309316
0.262255
0.695259
0.044217
0.137364
1.849548
1.094067
4.209787
0.763834
0.930823
0.522117
1.413407
1.344296
0.969485
0.374759
0.500011
0.384202
0.616186
0.302144
0.761848
0.608492
2.853286
0.544999
0.295638
2.154898
0.000931
0.080971
1.085743
0.795075
0.742045
0.478908
1.684720
1.404647
2.133647
1.950222
2.144667
1.288395
0.740041
2.025283
0.298959
0.137742
0.321281
0.015212
2.024600
2.258589
0.396965
0.303039
0.241445
1.549482
0.738559
1.377157
0.279015
0.624636
0.183758
0.691977
0.428675
0.184876
0.860842
0.011038
1.263177
0.106534
0.496788
0.758752
1.935179
0.318985
0.493488
1.341301
5.952473
2.435119
0.932771
0.295460
0.041957
2.131311
0.315955
2.397366
1.499779
0.912673
0.186899
4.747761
0.488073
1.179834
1.343366
0.993343
0.171042
2.374051
0.138203
0.704901
0.078708
1.225102
0.727366
1.574728
1.646763
2.389648
0.392577
1.087462
0.200223
1.252436
0.513201
0.197052
0.985119
0.007994
0.570333
1.101700
2.200754
1.222717
0.859762
1.096916
0.362580
1.375194
1.071279
1.172194
0.579604
0.504950
0.385628
0.909051
0.361488
0.596119
0.108628
0.476507
0.168805
0.966942
0.188727
3.287530
0.750975
0.686515
0.982385
1.236308
0.236818
0.027378
2.192812
1.816895
0.035595
0.390173
0.703530
2.580303
0.029049
0.085451
0.892452
0.404594
1.766743
0.284726
0.023336
0.313329
1.033509
0.420135
2.010546
2.948944
1.570681
3.474423
0.395500
2.945476
0.888618
0.690439
2.408802
0.124283
5.363806
0.767138
1.751091
0.230901
0.827060
1.254610
0.044634
0.910397
0.038609
0.795883
0.737903
0.068819
0.996198
0.119048
0.509588
0.615872
0.446309
0.548739
1.304978
0.004267
1.449721
0.903636
3.033701
0.815226
0.829944
0.326450
0.702963
0.165703
1.501316
0.536076
0.314125
1.480518
3.008226
0.100912
3.847291
0.720082
1.664955
0.022568
0.117572
1.888319
0.846607
1.001870
2.467208
0.225461
1.366658
0.377513
1.083769
0.110995
1.334681
0.495122
0.115764
0.697400
4.227366
0.063129
0.061432
0.797032
0.415056
0.831183
1.210788
0.124271
3.883781
3.561715
2.201294
2.659945
0.069991
2.024974
0.585793
2.107006
2.210168
0.808017
1.298549
0.618875
0.207106
1.027924
1.088568
2.689853
3.139292
0.393019
0.037874
1.182356
1.256977
0.158386
0.217617
1.206966
0.232761
0.294571
0.287991
0.792644
1.712665
3.042184
1.091279
1.604662
2.575436
0.806436
1.305971
4.764992
0.547414
0.189257
2.039264
0.373783
1.297131
0.908690
1.484235
2.450527
0.273384
0.573812
1.869900
0.218014
1.433847
2.145807
2.201203
0.648360
0.029950
0.088718
0.196007
0.270711
0.415584
0.559011
1.534872
0.173950
0.478835
0.595531
3.186981
0.362944
0.002286
1.164093
0.350766
0.551369
1.967688
0.181195
1.330723
0.884079
1.438325
0.711389
0.694462
0.001876
2.912572
0.425440
0.220347
1.228519
0.260773
0.091118
0.203796
0.299823
0.188726
0.449990
0.685603
0.717505
1.563467
0.329519
1.113806
0.187639
1.307337
0.995325
0.645236
1.315813
0.383005
1.475400
0.169110
0.196515
2.765253
2.219140
1.449517
1.203023
0.511385
0.309210
1.209284
0.424647
0.948018
2.296099
0.054745
1.845390
4.300576
0.271344
0.106569
0.172481
0.916318
0.909565
1.110050
0.495284
2.103991
0.418779
0.824826
0.935198
3.595280
0.037857
0.414358
0.343530
1.652672
0.682839
0.633273
1.368464
0.487951
0.267180
0.589179
1.543895
0.694025
0.158769
0.142085
0.119832
0.047255
0.205458
3.100352
0.033138
0.550557
0.057686
0.211982
0.023660
1.059453
1.976728
0.534409
0.757975
0.227690
3.716183
0.149519
0.193798
0.012906
0.650305
0.629071
1.721967
3.609432
2.749844
0.836528
0.444803
0.186965
0.012078
0.157241
1.111594
0.172940
0.325667
1.531997
0.229373
0.623025
1.342710
0.271235
2.180824
1.584339
0.559637
2.412780
0.594698
0.342577
0.392182
3.895010
0.680607
0.356807
0.126169
1.108257
0.375298
0.907945
0.147085
0.144102
0.842995
0.075631
1.207274
2.639881
0.278880
1.248253
0.077024
2.457311
2.054211
0.433998
1.198095
0.079881
1.691552
0.574643
0.377368
1.213411
0.263980
1.358368
0.949983
1.140316
0.033538
2.775327
1.078630
0.747967
0.271498
1.507212
0.218826
0.800016
0.470197
0.405443
1.154799
2.895010
0.521146
0.487545
2.066184
1.048478
0.104097
2.946258
0.829802
3.529083
0.356033
0.303941
0.048604
0.122526
1.201276
0.449070
1.704492
2.676562
0.110595
0.564556
0.945418
0.148129
0.460542
0.316660
1.091695
0.933491
0.051182
1.972500
0.171381
0.553412
0.215932
1.847560
0.461586
0.917216
0.259090
0.278456
0.287548
0.396172
0.211354
1.680738
0.353504
0.673469
0.078891
0.423455
0.929833
1.491872
1.227574
0.550807
1.225025
1.669699
1.930352
0.382333
2.983341
0.253553
0.889536
0.951217
1.776571
1.019011
0.643635
4.446642
0.066208
1.105125
1.775852
0.568774
0.313616
0.060714
1.129576
0.732095
0.487787
2.019985
0.404760
1.151360
0.442242
0.525469
0.029442
3.291074
0.203060
1.331845
0.488252
2.207463
0.793424
0.276023
0.232882
0.687330
0.625798
1.594090
0.117447
0.350903
0.572621
0.880521
0.334397
0.693185
0.293383
0.122045
2.715073
0.741212
0.190917
0.943224
0.043496
0.820561
0.650034
0.470687
0.279197
1.804103
1.533167
0.318308
1.600300
3.439521
0.008669
0.203912
1.951510
0.812693
0.554552
0.067951
0.054901
2.214904
1.984861
0.179406
0.206759
0.354613
1.384963
0.636795
1.602335
0.003938
0.881662
1.318166
0.749495
1.425887
0.420077
0.843874
0.384957
1.720235
2.907457
0.828118
1.068143
1.307611
1.806371
0.606086
1.195524
1.860356
1.018832
0.810569
0.512028
0.066839
0.970453
0.605397
3.112041
0.661046
0.963320
0.153471
1.524382
0.458934
0.950077
0.869452
0.465173
0.222138
0.375702
2.296289
3.191738
1.067686
0.633609
0.326312
0.648505
0.535652
1.842311
0.143324
0.155774
1.131033
0.886841
1.843274
0.737481
0.257513
0.505999
2.556239
0.344863
0.018353
0.472481
0.283919
0.696903
5.282901
0.493390
0.334241
0.450931
0.002739
2.002020
1.327795
0.225560
0.196174
1.005962
0.175342
1.797745
0.109407
0.578480
0.373241
0.730531
0.329615
0.588837
1.086469
3.172454
0.033632
0.701776
0.653508
0.301243
2.316610
0.514476
0.802481
2.520470
1.508383
1.604238
0.547235
1.485694
0.208753
1.222720
0.146900
0.212129
0.845156
2.052285
0.499342
1.380871
0.704949
0.807213
0.874593
0.940329
4.983592
2.248753
0.136791
0.320136
0.414754
1.562753
0.264030
0.466123
0.349185
1.244210
1.001499
0.218318
0.121058
0.203900
0.122969
2.232595
4.099161
0.770377
1.097828
0.188522
0.278039
1.624679
0.450919
1.677945
1.122651
1.410701
0.825269
0.199000
0.370960
0.156480
1.560413
0.361083
0.040114
2.498578
0.860451
0.476131
1.231823
1.655890
1.391861
0.002982
0.735866
0.484605
0.222029
1.007659
0.840524
0.378069
0.750093
0.802804
1.910394
0.215774
1.286437
0.099501
5.845716
0.090695
2.385462
1.113802
1.849803
0.634570
1.911503
0.165654
0.953702
1.027481
0.608327
1.061341
0.820732
0.033317
0.033377
0.312153
1.844186
1.533467
0.316230
0.450602
0.184251
0.635286
6.067362
1.334799
1.537269
0.745199
0.340686
1.013382
1.270977
0.012543
1.315730
1.260721
0.104437
1.020750
0.491419
2.845599
0.115985
0.274943
0.099335
1.288078
2.141121
0.799175
0.475150
0.584056
0.874832
0.529387
1.239595
0.553236
0.217221
3.995771
1.549611
0.451804
0.601157
1.538757
0.105705
0.270308
0.372097
0.492705
2.070413
0.030619
0.513317
0.930359
1.373203
0.694471
0.281386
0.144966
0.584404
0.438156
0.470535
0.770294
0.082268
0.298149
0.091483
0.610983
1.204563
1.110152
2.026599
0.528778
0.100268
0.065568
0.498045
2.146219
0.556846
1.858574
1.103907
0.749287
0.084427
3.869886
2.480814
3.097258
0.009338
0.382458
0.821924
1.410588
1.706386
1.638240
2.215931
0.302514
0.174893
0.309628
1.600302
0.273685
0.742526
2.167944
1.192739
0.253946
0.812107
0.832014
1.007699
1.054070
0.989650
0.027602
0.764768
0.056866
2.050499
0.226882
0.873653
3.042617
0.201045
0.690952
2.376418
0.212474
1.696734
0.630233
2.945395
1.008401
0.319119
1.822426
2.265672
0.568568
0.110537
1.185492
1.118077
0.990844
0.867481
0.461564
1.917344
0.146264
2.726181
0.669323
1.549065
0.827420
0.723956
0.388773
0.962606
0.488573
0.744644
0.223994
0.413682
1.228336
1.202577
0.282238
2.289069
0.726290
1.249802
1.871179
0.164283
4.316174
1.153358
0.048915
0.545267
1.556238
1.355345
0.098060
0.540956
0.388805
0.621959
0.315823
0.612865
0.506900
1.421949
0.282041
3.230544
0.320103
0.839025
0.864096
1.080059
0.097574
1.510713
7.147844
1.610367
0.651676
0.281196
1.200063
5.324290
3.183459
0.787200
0.158558
2.904194
0.260466
0.216123
0.454950
0.018550
2.756803
0.614199
0.573034
0.299268
2.551486
1.227580
1.261752
0.385183
0.626902
3.286068
0.328696
1.345851
0.756019
1.956911
0.511003
0.976659
1.015982
0.509693
0.550986
0.124183
1.034060
0.130614
0.118682
0.923813
1.100593
0.299129
0.794526
2.269475
0.603123
2.450214
2.465254
0.493322
0.466252
0.432631
1.044250
0.349111
0.059962
0.453952
0.952848
0.742244
0.396733
2.249016
0.306033
1.951606
1.399188
1.089883
0.656598
0.496193
0.065140
2.353939
0.709150
1.229303
0.027833
0.967184
0.371790
1.186707
2.106887
1.956910
0.895041
0.402396
1.480300
0.706074
1.275431
0.156749
1.949271
0.460028
0.579401
2.474820
1.322834
0.055645
0.579421
0.063054
2.968542
1.215421
2.514060
1.210073
0.457536
0.511573
0.097592
0.562511
0.364497
0.918590
0.148183
0.404820
0.249445
0.594620
0.028069
0.104417
0.366630
0.965186
0.562881
0.082691
0.134114
0.163842
0.254177
4.082312
0.733673
1.091273
2.292174
0.292331
1.267040
0.413594
0.377731
1.099486
0.043060
0.266111
0.460105
0.526455
1.005380
0.619457
1.829637
2.805914
0.064732
3.783414
0.318075
0.333305
0.554226
0.356861
0.482236
1.318325
2.516002
1.676824
1.670149
0.045759
3.328604
0.036899
0.028254
0.661677
1.205432
2.614730
1.337477
0.542615
0.308624
0.053483
0.089631
0.367720
0.336486
0.606077
1.262288
2.523464
2.480239
0.813108
1.961603
3.861257
0.763092
0.141355
0.304363
3.200559
0.565545
1.035653
1.176609
0.432580
0.612560
0.700088
0.504007
0.548520
0.775843
0.551220
2.366696
0.274597
0.431654
1.031990
1.075566
0.957398
1.190006
1.365028
2.574376
3.990246
0.222069
1.023856
2.315908
0.122639
0.219793
1.429998
0.099130
1.313389
2.230353
0.441272
1.172323
0.392241
0.001789
0.481316
1.125858
0.615864
2.167085
0.074207
2.137251
0.553687
0.683741
1.552260
1.094508
1.869769
0.565517
0.391845
0.619804
0.136639
0.071300
0.487351
0.115657
0.311917
0.026900
0.010599
0.483494
0.253418
1.475053
0.649609
3.099972
1.089879
1.798979
1.036491
4.439801
1.809840
0.027714
1.090132
0.351184
2.439810
1.329342
0.196218
0.412484
0.262174
3.393172
0.003297
0.079545
0.508049
0.396728
0.773087
0.746646
0.504679
2.579165
1.008587
1.091413
3.009918
1.037918
0.048805
0.191840
0.539641
0.745247
0.138700
0.084235
0.446155
1.490826
0.071482
0.218448
1.620231
1.319813
0.678023
1.255159
0.631419
1.110323
0.054420
1.199936
1.013202
0.057902
1.492767
0.035915
0.484087
0.376388
0.823994
1.514314
0.271581
0.218890
0.587525
0.208909
1.847687
0.677140
0.451130
0.300350
0.017467
0.678461
0.415858
0.473579
0.311178
0.526300
0.852061
0.072101
0.153184
0.068114
1.534948
0.942099
1.333297
1.817070
0.369583
0.467349
2.242022
0.087988
0.525290
0.325034
0.507318
3.504563
0.059260
1.009829
0.182158
0.696828
1.738691
0.008969
5.078249
0.207445
0.312480
0.011146
1.139262
0.938015
0.491537
2.944301
0.017970
3.264393
0.017069
0.174160
0.028014
1.616753
1.469799
1.444003
1.018757
0.082302
0.147755
0.760812
0.178211
0.789600
1.661838
0.823542
0.725492
2.023048
0.219207
1.147100
0.461378
0.021320
1.175620
0.451542
0.233744
3.212453
0.469106
2.192661
0.840113
1.438655
1.806316
0.882246
1.289289
1.915056
1.370360
1.394968
1.061675
0.725697
0.726038
0.346838
0.903915
1.059974
1.747514
1.419863
0.222530
1.010612
0.384749
1.256750
0.700679
0.726131
0.507276
2.066228
0.770713
0.093474
0.270094
1.369449
0.050221
0.944512
1.005487
0.960554
0.468220
0.634643
0.227486
0.103604
0.389407
2.984816
1.900972
3.757834
0.626356
0.456897
0.314363
0.062389
0.020498
0.100417
1.707800
0.248203
1.315067
0.148633
2.736775
0.268266
1.062292
0.405096
0.114999
0.212765
0.548746
0.423616
2.771103
0.637347
3.133976
0.847559
0.092802
0.400985
0.042298
0.345442
0.559942
0.452490
0.276470
0.327580
0.416461
1.227610
1.038709
0.942557
1.458826
1.097748
1.223868
0.882437
2.173111
0.575281
1.288591
1.722596
1.117027
0.475906
0.167810
1.520428
0.844744
0.859937
0.135484
0.708747
0.049315
0.086825
0.082600
0.147044
0.533586
0.128625
0.560081
1.846805
0.662917
1.109817
0.129646
1.744556
0.473833
1.459651
0.572076
0.156513
0.569269
0.152635
1.313440
0.386013
0.865146
0.607792
0.152727
0.290030
1.796528
0.351150
0.033702
0.518285
2.063041
0.174171
2.432676
2.538958
0.278404
4.765183
0.059533
1.068601
0.118981
0.666764
0.690692
0.908394
0.170804
0.968544
0.548366
0.764434
0.491100
1.950196
1.137194
1.726580
7.279805
0.528292
0.153555
0.863510
2.008698
0.334050
1.772425
1.203849
0.867748
1.989382
0.110286
0.603374
0.023337
0.016760
0.468546
0.309350
0.008132
0.565430
2.558601
0.128144
2.507360
0.547071
1.262671
0.078535
0.042618
0.149904
0.941437
0.561715
5.796819
0.341386
0.290189
5.592280
1.202654
0.501245
0.854712
0.833423
1.133845
0.518646
0.308434
0.298824
0.311830
0.461759
1.242531
0.343844
0.488487
0.089308
0.814269
0.501774
0.728401
0.653203
0.723232
0.572412
2.312450
0.263863
0.716145
2.859526
0.463831
0.129312
0.465970
0.459013
0.528507
0.979101
0.453133
0.116669
0.018750
2.796235
1.125657
1.193303
0.421037
2.829618
3.103143
0.945535
0.372209
1.097931
2.327792
1.194801
1.393824
0.615309
0.096269
0.313609
2.799339
0.932925
1.220889
1.833403
1.823372
0.243856
1.527100
0.235279
0.412037
0.168785
0.862140
1.379184
1.512587
2.849190
1.954298
1.600657
2.129215
0.763348
0.683233
0.254510
0.644093
0.598037
1.809305
1.540153
0.123920
1.342167
0.659495
2.028179
0.220955
0.854885
0.148060
0.147801
0.199997
1.849300
3.795498
0.019985
0.060868
1.428633
0.260633
0.505429
2.473053
1.645991
0.156618
1.188538
1.383448
0.003311
0.680369
0.995217
0.770465
4.473075
1.931440
0.012137
0.577496
1.175362
1.598080
0.810238
0.562144
0.329342
0.551080
0.989564
1.932891
0.823924
1.450974
0.037222
0.517424
1.359405
0.057972
0.621755
0.700273
0.336536
1.964341
0.543389
0.097545
0.004732
0.121667
1.846593
0.008059
0.936816
0.639764
0.787960
0.908110
0.396967
0.814845
0.036055
0.019118
0.438517
0.893209
0.595931
1.009532
0.014437
0.080355
0.675074
0.857141
1.850680
0.749546
3.890867
0.882025
0.876452
0.584420
0.093878
2.036405
0.359999
0.710963
3.281863
0.366789
0.976534
1.633054
0.378439
0.263331
0.324693
1.968248
1.761581
0.928603
0.540582
1.992451
0.977717
1.481038
0.605685
0.075566
0.524602
0.632301
0.162511
2.293531
0.045268
4.942443
0.556014
0.024119
0.864930
0.010305
0.628113
1.104203
2.118228
1.464147
0.195230
1.846410
0.078793
1.613147
1.040906
0.495673
0.032784
2.578553
0.289200
1.969546
0.752920
1.104817
1.287786
0.165868
0.582191
0.196524
0.255697
1.894031
1.041431
0.470991
1.380815
1.175415
0.459625
0.192537
1.255757
2.945011
0.205044
0.200333
0.956914
0.067363
3.001085
1.576381
2.378832
0.026381
0.901447
0.807900
0.539353
0.984225
0.650706
1.102657
0.666994
0.007361
0.410589
0.236824
0.174563
1.505381
0.493130
0.487434
0.987796
0.037016
1.433035
0.471973
1.300660
0.139142
0.801547
0.584810
0.080445
1.334667
0.979044
1.181617
1.618974
0.854718
0.666497
1.235255
0.917874
0.083941
0.305773
0.017662
1.226851
1.353900
1.156833
0.215097
1.382712
0.022511
0.518197
2.399962
1.611076
1.578400
0.349668
0.558495
1.772158
0.058153
1.630459
0.815727
0.206274
0.439321
0.000470
0.306096
0.096820
0.980297
3.144282
2.246002
0.222390
0.585905
0.924872
1.609588
0.742153
2.016384
1.701209
0.262272
0.938109
0.699279
0.552055
0.442755
0.745107
1.763997
0.310629
0.393997
0.973752
0.825747
1.400695
0.602157
0.963872
0.815845
0.010104
1.634636
2.444850
0.010579
0.071132
0.005557
1.008745
0.025895
2.299786
1.800120
0.632920
0.699442
1.007176
4.943937
0.462038
0.602006
0.253051
3.845982
3.108784
1.043574
0.410031
0.655199
0.647119
0.924788
1.641470
0.104011
0.180895
0.820706
0.801078
1.532771
0.125126
0.823730
0.889260
0.031361
0.848005
1.072071
0.037096
0.232002
1.149687
2.750995
0.042674
0.165140
0.578522
1.128640
0.156769
1.656923
0.137901
0.459927
1.550743
0.087914
0.016614
0.132709
0.831998
0.679095
1.300720
0.463825
0.895775
2.236248
2.673727
0.154159
1.130738
0.049841
1.217641
0.309580
0.082832
0.322693
2.576317
0.123197
0.659440
0.934482
0.053449
0.743673
1.424769
0.675935
0.224598
2.348995
0.357524
0.400444
0.319111
0.092668
0.534671
0.342043
0.239253
3.861287
1.526047
2.820913
0.430914
0.468909
1.793300
0.330020
0.728111
0.714973
0.400045
0.250068
1.500763
0.526285
0.687278
1.207266
0.744681
3.907823
0.368454
0.860762
0.702291
0.070029
0.070937
1.223202
3.581571
0.460566
0.036344
0.281532
0.611711
0.597527
0.765837
1.109760
0.559996
0.382231
0.943689
1.509021
1.177584
0.587707
0.061838
0.234657
3.105436
0.493763
0.562839
1.317645
1.603847
2.623715
0.567786
0.391552
2.379282
1.352544
2.314182
0.530916
1.655752
3.494378
0.125164
1.519687
0.413557
0.166455
0.026953
1.591029
0.924244
0.824735
0.628570
0.032479
2.114538
0.080621
1.665114
0.846972
0.737844
2.046357
1.516162
0.648272
0.301740
0.236808
0.234820
0.061182
0.148877
1.028642
0.483439
0.046785
0.484389
0.334766
0.611828
0.214404
0.293199
0.856348
3.657287
0.898531
1.304268
0.000791
0.492849
0.403164
0.826540
1.936295
0.452171
0.582949
2.706337
0.191870
0.013125
0.607108
0.046443
1.577389
2.690118
0.365068
0.004353
0.152468
0.454444
0.153931
1.532114
1.380472
0.208718
0.183740
0.033592
1.038508
0.447578
0.338500
0.250139
0.408003
2.120210
2.994457
0.409193
0.313493
0.330915
2.285271
0.133386
1.037015
0.415521
0.059848
1.715212
0.435476
0.719835
2.005860
0.158445
0.589318
0.187904
0.163547
0.883601
0.768960
0.347492
0.463036
0.335536
0.657622
0.773225
0.382842
0.136892
2.295645
0.929479
0.429619
0.267000
0.664043
0.355503
0.844298
1.403825
0.869677
0.631854
2.113762
0.256703
1.652338
2.769542
0.047591
0.176071
0.598704
2.429644
0.368128
2.261168
0.086907
0.614050
0.658706
0.966908
1.395889
1.918067
2.351654
0.266972
0.496901
0.252145
0.449795
0.343745
1.760893
1.243007
0.744899
0.375920
0.010721
0.100217
0.070087
0.895453
0.829547
2.935663
1.703635
0.465457
2.156009
1.998457
0.762698
0.407503
1.497841
1.842411
0.261965
1.963441
0.357261
1.248069
0.652713
0.054242
0.834828
0.484763
0.338418
3.161498
0.934009
1.047950
0.285722
0.571166
0.447583
1.486096
1.380219
0.464408
2.033356
1.693709
3.298743
0.567145
1.439982
1.518911
1.634805
1.042086
1.037062
0.413401
4.015848
0.547996
0.198656
0.238808
0.330615
0.655040
2.595288
1.430818
0.762231
0.676145
0.156705
1.717462
0.596137
1.394604
0.634545
1.195980
0.207273
1.775800
0.637407
2.743868
0.225829
0.416187
1.393692
0.180582
1.484131
0.723422
2.923698
0.863486
0.176967
0.895927
2.487874
0.155677
0.013758
0.102123
0.440987
0.349816
0.861946
0.331250
0.057702
0.117699
1.484573
0.224535
2.681144
0.251627
3.061476
0.513059
2.526447
0.151269
0.263953
0.496587
0.079111
0.569401
1.316166
1.759711
0.914670
0.703479
0.419791
0.788814
0.087138
0.703215
0.147790
0.000363
1.047463
0.163756
0.102526
0.005789
0.591012
1.124254
0.339322
0.697763
1.542442
0.063097
1.215422
1.264633
0.333534
1.068849
0.126692
0.227742
1.594453
0.432301
0.904031
2.063909
1.537682
0.395868
1.207140
0.485276
1.784050
0.044751
2.660536
2.470920
0.795785
0.069861
2.475224
0.220580
0.246576
0.013390
0.227802
1.092913
1.166055
0.676222
0.182798
0.643497
0.804331
2.043911
0.213447
1.809266
0.748819
0.372805
0.040713
0.391645
1.085261
1.007753
0.219524
0.592954
3.266647
2.283251
1.782484
1.579439
2.844083
1.434936
1.235815
0.674493
1.768118
0.981518
1.166458
0.049058
1.017657
2.227944
1.247004
0.395958
0.484046
2.117760
1.617033
2.754016
1.387007
5.070126
1.480843
0.324697
0.363727
1.673709
0.919569
3.414436
0.593142
1.601511
0.535140
0.526409
1.192229
0.282619
0.227135
1.016853
0.008095
2.437135
0.137946
1.816515
0.771860
1.700379
2.165284
0.194078
1.236620
0.911100
0.699913
0.098000
0.649355
0.363678
0.030129
0.258506
0.354681
1.620670
0.703296
0.925135
0.953691
0.112450
0.845429
0.064107
2.351422
4.202356
0.637471
0.919352
0.262967
1.122575
0.273767
0.273510
0.884667
0.459412
0.079805
0.133526
0.205464
3.269809
0.358679
2.257294
0.820764
1.633593
4.484570
0.038244
0.116150
0.018569
0.308317
0.524690
1.718315
1.471269
0.011853
0.571488
2.093331
0.873256
0.687982
1.520926
0.838057
3.466796
0.482421
1.602873
1.030979
0.973401
0.038718
0.262002
4.661644
0.121808
0.439259
0.193924
0.079766
1.069697
0.074343
1.012174
0.619266
0.062264
1.121146
0.847042
0.082038
2.803647
3.891240
2.296554
1.237107
4.751723
0.407533
0.883102
0.852784
1.784514
0.458854
0.152246
1.613970
1.389119
2.811846
0.587431
0.466664
3.811439
1.123122
0.451705
0.097133
0.030689
0.775960
0.185405
1.161905
0.945166
1.638890
0.161074
1.113980
0.653731
1.273287
1.388349
0.543538
1.202874
1.049559
0.138214
1.174522
4.174604
1.257335
0.307622
1.696850
0.087282
0.520927
0.961404
1.797494
0.424550
0.063889
0.232179
0.391296
1.334189
0.845492
0.538513
1.456079
0.116975
0.880965
0.605066
1.279333
0.496630
0.923147
0.500095
2.050429
0.389823
0.155532
0.343378
0.022750
1.579628
0.544240
1.250109
1.507636
0.145380
3.831978
0.904627
0.247036
0.485098
0.239466
0.054640
1.310444
0.321367
0.301605
0.055639
0.011537
1.777997
0.635830
1.506531
2.837294
0.057758
0.264336
1.088246
0.593380
1.801916
0.058393
0.383992
0.171786
0.224095
0.940311
0.198858
5.241776
0.029646
2.243002
1.484023
0.179746
2.057241
0.459789
0.483543
0.296464
0.871162
0.573728
4.331857
1.940569
1.193853
0.041839
2.023809
0.750718
0.716376
1.038943
0.633725
0.838408
2.107476
0.142234
0.015261
1.249923
0.209860
0.406478
2.050378
0.494400
2.873550
0.053029
0.485763
3.601346
2.909708
0.172033
0.147608
1.702114
0.747882
0.735294
0.077161
0.114476
3.151559
0.063064
3.339477
1.061789
0.107688
1.786136
0.201059
0.950813
0.651170
1.054186
0.199885
0.441642
1.532967
0.218554
0.073101
3.627148
0.755721
2.843996
0.451725
0.642131
5.029073
1.379292
0.591572
2.796283
2.367568
0.876526
1.413319
0.567261
0.110272
1.777414
0.778901
0.063605
2.226009
0.704480
1.258032
5.138628
0.412532
2.282028
0.935747
1.696047
0.797280
1.555340
0.190692
0.405795
4.213280
0.279855
0.366669
0.724701
0.205689
1.109973
4.543210
0.197682
0.542446
0.572531
0.125940
0.392994
0.019874
2.079429
1.418366
0.132489
1.223916
0.355220
0.205440
0.911217
1.632785
2.317683
0.896732
0.153901
1.606549
0.222902
3.199961
0.429044
4.481995
0.142543
1.147031
3.645491
0.473138
4.545274
0.672212
0.827525
1.078265
0.651588
1.355724
0.081742
2.461426
1.970208
0.516605
2.723642
1.330181
0.175960
0.060230
0.582490
0.616795
0.279930
0.040259
0.307809
0.157428
0.998474
0.523552
2.901932
1.780022
0.457007
0.348072
1.715102
0.692494
3.745377
1.579618
2.092563
3.374245
0.333193
0.578925
0.982353
1.436118
0.200574
1.217603
1.129600
0.043232
0.113750
0.944696
1.504545
0.313160
1.107615
0.247661
1.306360
2.451286
0.299532
5.139632
0.061321
2.210860
0.513709
0.004572
1.279268
1.463398
0.354554
0.780480
0.312282
0.321427
0.409112
0.156483
0.275283
0.965292
0.877921
2.011512
0.480101
1.452832
0.844610
0.059874
1.652368
1.132564
1.106601
0.882580
2.931090
0.413961
1.638155
1.126571
0.291410
0.066671
1.108654
0.374358
3.098659
0.074427
0.381013
1.129019
1.834312
0.955408
0.246493
0.114851
2.209381
0.807937
0.292166
0.140267
0.190376
1.818369
5.838918
0.808850
0.925843
0.837857
0.948676
0.531381
0.281246
0.331377
6.497687
0.212968
0.970321
1.630431
2.022497
2.070118
2.029901
0.771482
0.205916
1.734672
0.940065
0.699023
0.693530
0.597245
0.125874
1.268173
0.816843
0.008542
0.318661
1.668823
0.150102
0.591005
1.047656
0.146724
0.000860
0.291749
1.216825
0.950899
1.094374
2.975698
2.260216
1.089883
0.151761
0.727140
0.630922
0.008518
0.495182
0.410302
0.789998
0.859528
0.174463
0.169072
0.082912
1.079644
0.929442
0.220450
0.476325
0.178411
0.231110
1.055026
3.686202
0.424231
0.103192
0.978629
0.658157
0.104146
2.097344
0.205827
1.246576
0.781910
0.145043
0.936964
0.230940
0.322717
0.133412
1.121201
0.334498
0.724504
0.010719
1.774651
0.096592
0.187239
4.269366
0.188309
1.778082
0.894616
0.461215
0.235693
1.405017
0.857622
1.979003
1.307742
2.545397
3.214865
0.436560
0.517101
0.060541
0.262615
0.891061
1.475160
1.484705
1.290237
0.477137
3.894367
0.000616
0.701860
1.060610
0.335359
0.019971
1.091888
0.122593
0.118610
1.802853
0.106901
0.333359
1.097243
1.179673
1.058345
2.088979
0.592864
0.259809
1.339333
0.194590
0.162941
1.196729
0.756240
0.807689
1.412902
1.433528
0.155359
0.750399
0.765642
2.030170
2.378001
0.722799
2.034869
0.530352
0.184360
0.167497
0.564534
1.788455
0.314159
0.783556
1.102481
0.463596
1.752779
0.406711
0.065716
0.653309
0.236166
0.715108
1.232645
2.962873
1.163755
1.957852
1.038878
0.246234
0.532647
0.515357
3.901804
0.813833
2.666925
0.723110
0.554308
1.818917
0.029808
0.349320
0.286883
0.220312
0.596118
1.141860
0.030989
1.268159
0.253598
1.198876
0.093908
0.052035
0.033175
0.166333
0.755839
0.278367
1.090933
0.272942
0.212340
0.433534
0.102810
1.816827
0.844078
0.714683
0.274663
0.798154
0.069882
0.187181
0.066781
0.679298
0.008542
0.098681
1.550509
0.298279
0.344887
0.270384
2.791669
0.388923
3.113721
0.177546
0.020897
0.046251
0.240013
0.054785
0.221188
1.361664
0.351392
1.984356
4.052952
0.668655
0.241201
0.083741
0.393135
1.534158
0.894000
0.832947
0.406771
1.074350
1.331581
0.508834
0.164294
1.364320
0.678794
2.802921
0.002354
1.534663
0.193926
2.830771
0.112816
0.141386
0.109492
0.136238
0.194852
0.381396
0.199276
0.470768
0.062789
0.648114
0.271820
0.044462
3.340244
0.602073
0.132182
0.341975
0.270088
1.254572
1.930111
0.846045
0.467259
0.893572
3.496442
0.743998
0.408350
0.620765
0.623914
0.411894
0.283608
1.022869
0.326614
0.436373
1.479656
0.481831
0.655830
2.982374
1.202112
1.083721
0.392754
1.428366
0.149236
0.827395
1.628557
0.108929
0.015254
2.625631
0.498963
0.290119
1.028363
0.284631
1.730007
0.015815
1.823350
1.572199
0.777574
0.190882
0.294208
0.004648
0.716161
0.696788
1.035851
1.560712
1.934067
0.540185
0.189179
0.410121
0.456791
2.054187
6.263562
1.176009
0.999952
0.147028
0.293440
0.572507
0.274353
0.313949
0.451765
1.001784
0.736618
0.005922
2.124306
0.421574
0.021832
1.269402
0.146644
0.825709
2.232783
0.496392
0.836355
0.517759
2.235810
0.237989
0.215869
1.380453
0.991953
0.456529
0.088793
5.481239
0.272234
0.086714
1.162602
2.043511
0.248193
2.841025
0.365741
0.615681
0.237088
1.108098
0.097065
1.318068
1.126142
3.611453
0.079405
1.195056
1.177616
0.239188
0.300279
0.878894
0.926367
1.749283
4.501173
0.687374
0.038627
0.202194
0.281886
1.099729
0.797585
0.401382
1.087300
1.550739
0.533866
0.431095
1.073927
1.003639
0.345081
3.342553
0.097816
0.698995
1.006399
0.205411
0.268224
0.371332
0.172777
0.373382
0.007527
1.901546
0.743033
0.310455
0.571674
0.137357
0.097600
0.552211
0.982020
0.140272
0.934934
2.048613
1.599078
0.170756
0.225261
0.617653
2.898271
0.955442
1.665978
0.924367
0.286103
0.108511
0.839031
0.418549
0.930761
0.226070
0.750111
1.838912
0.718513
1.159512
0.165591
0.734015
0.770079
1.129913
1.546035
3.591531
1.636193
2.119408
0.505454
0.563394
0.010834
0.004165
0.359268
1.653877
0.175699
0.700181
0.314005
0.112062
0.126541
0.083903
1.235217
0.458355
0.202496
0.324483
1.236758
1.556167
0.652845
0.270972
0.994432
4.823420
2.573382
1.526358
0.717404
0.617569
0.615470
0.355093
0.567731
0.307739
0.196975
1.771714
1.189476
0.210184
1.796462
5.964568
6.352651
5.348454
0.695022
0.311623
0.106756
0.967054
0.428051
1.663280
4.380092
0.758288
0.091658
1.194523
0.386529
0.837065
2.725916
3.008938
0.818668
1.953597
1.321744
0.073607
0.384168
0.214361
0.461806
1.395024
0.612187
0.795499
0.872589
0.166592
1.340208
0.538277
0.163563
1.333575
0.530164
1.055045
0.004218
0.718971
0.316935
0.434530
0.390424
0.299887
2.153849
0.529012
3.129252
0.228851
3.809187
2.214238
0.168665
0.769629
1.382302
2.194078
0.935929
0.070404
0.084994
3.800206
1.715665
0.775047
0.747134
0.514645
1.180168
0.307186
1.706689
1.855722
0.000953
0.261398
0.684154
0.005176
1.357794
1.457168
0.442534
0.068282
0.026552
0.276487
0.647822
4.042839
0.590788
0.606327
2.065268
0.919591
4.763571
0.973432
0.673063
0.914401
1.171824
0.847088
0.860093
0.714074
0.117271
0.108872
2.437740
1.626733
0.458299
1.313700
1.041540
0.459807
3.249386
0.153819
0.468017
1.217309
2.404370
1.314347
1.469576
2.747007
3.608481
0.283416
2.505105
0.543033
1.208795
1.568050
0.020544
1.180608
0.534033
0.713739
0.345526
0.109774
0.085045
2.032781
0.952741
0.213423
3.582159
0.748574
5.429499
0.415252
0.298589
1.029190
1.232444
0.247613
1.538403
0.085752
2.568010
1.187292
1.679476
1.181850
0.996510
1.543815
2.814783
0.796659
0.229981
1.025898
0.416601
0.255907
0.407117
1.404378
1.331718
0.985066
1.955055
1.701038
0.684415
0.640101
0.009739
0.630734
8.181437
0.005320
1.648310
0.298212
1.044153
0.725766
0.648544
0.567901
0.911860
0.511669
0.137241
0.530607
0.098489
1.423268
0.220881
0.034464
0.368519
0.516909
1.125169
1.046850
0.992699
0.009885
0.516573
0.454763
1.011760
0.303651
0.202003
0.141605
1.326678
0.213935
0.915879
1.325624
0.220528
0.523338
4.856030
1.870252
2.570549
0.633770
0.327396
0.737581
2.039589
0.523306
2.710293
3.316282
0.182141
0.141184
6.027907
0.643897
0.766383
1.117771
0.132065
0.180005
1.148312
0.748987
0.755312
0.384560
1.556070
1.248425
0.600178
0.741664
2.360665
0.052474
0.298462
0.109310
0.613563
0.288030
2.985046
0.481410
1.271798
0.259631
2.341520
0.890600
1.010892
1.815855
0.805875
1.622635
3.472849
0.800493
0.324872
0.701746
0.253454
0.512655
1.105683
2.372072
2.634588
0.222083
0.256135
1.263327
2.432634
1.130873
0.275710
1.702855
1.303314
0.691167
2.543192
0.206965
1.383377
2.046764
0.841739
0.632885
0.104818
0.640286
0.060316
1.330360
0.371295
0.946328
0.772710
0.327298
0.177608
1.690758
1.529758
0.488760
0.244261
0.602260
0.347187
0.156617
1.054342
0.732489
1.982362
0.829593
0.218825
0.108949
0.480637
2.589036
0.921888
0.360963
0.118625
0.433097
0.190971
1.142247
1.717272
0.319317
0.166949
2.111781
0.009014
0.623466
0.674942
0.792333
1.358866
1.059998
0.450724
0.747519
0.040986
0.866430
3.857881
0.405691
1.289235
0.995512
1.915779
0.883763
0.215968
0.050568
1.171179
0.857666
3.658087
0.345638
2.110682
0.090009
1.032076
0.054127
1.456615
0.623953
0.394589
2.534940
0.420309
0.407992
0.485565
1.795588
2.139014
0.136620
0.668481
0.281120
1.061775
0.750079
1.740758
1.002519
1.974392
0.796579
0.305862
1.251509
0.146074
0.612029
1.440699
1.748154
0.034177
1.337337
0.125718
2.435482
1.734624
1.434937
3.356196
0.892842
0.256245
0.344147
0.715890
0.842120
0.984012
2.262342
0.516129
0.710132
0.023875
2.213542
1.400324
1.132430
0.541900
0.862976
0.372219
0.327827
0.136079
0.854040
5.026663
0.305348
0.032584
1.413366
0.093254
0.067913
0.681482
0.232152
3.821409
0.382237
3.475182
2.868843
2.387883
0.217027
0.267110
0.543726
1.445175
1.970425
0.378793
0.183285
0.460486
0.413858
0.059916
0.130685
0.016796
0.647245
1.205980
0.396682
1.410695
1.759262
2.320350
1.384159
0.095367
2.715372
0.705509
0.198450
7.558323
0.000276
0.489673
3.797861
0.382641
0.440393
2.535991
0.256337
0.801419
0.168688
1.037154
0.379218
0.015957
3.240372
0.659853
0.485894
0.356326
0.779204
0.707975
0.380399
0.017902
0.233144
1.032442
1.486200
0.036445
0.788832
0.740731
0.135533
0.652859
0.029818
0.366362
0.651857
0.030102
1.183913
0.609733
0.427091
0.051439
0.473724
0.852646
0.919913
0.760459
0.247503
2.489516
0.794911
0.198576
0.511030
2.706525
0.653655
2.836191
0.580874
1.590960
3.196488
1.045691
0.580058
1.319996
1.153089
4.251610
0.295847
1.666480
0.625868
0.336139
0.125379
2.884652
0.378526
1.670032
0.511876
1.086859
1.979755
1.504855
0.269764
0.622397
0.371787
0.608241
0.478670
1.958125
1.010039
1.516475
1.570740
0.122907
1.279656
0.264877
2.429553
1.142443
2.130740
0.433954
0.534137
0.833767
0.412213
1.108432
0.472694
1.624651
3.110023
0.682241
1.374941
0.315437
0.365681
0.159905
2.706886
0.184131
2.599989
0.185963
0.998359
0.269481
0.981865
0.011981
0.099933
0.302706
1.572263
2.182232
0.472948
0.722148
0.127731
0.340747
0.217228
0.001161
1.023928
0.939249
0.836442
3.846020
0.327120
2.872282
1.521679
0.267099
0.576160
0.752474
0.703061
1.363451
1.128790
0.576588
2.434933
0.922060
0.936197
0.785071
1.823408
0.265623
0.811530
2.712468
0.682119
0.428090
1.719463
2.050215
1.984418
2.825948
0.174417
0.059530
2.845728
1.613811
1.099228
0.710617
1.511894
2.916449
0.601643
0.823628
0.198789
2.207608
0.094271
1.155848
1.005833
1.454741
0.131702
0.791105
0.460196
1.314092
0.094936
0.232394
3.339740
1.039564
0.151978
0.614353
5.228455
3.265726
0.400929
1.946153
2.328707
0.674043
2.464759
1.861022
0.344222
0.871897
0.435634
0.073363
0.750177
1.635959
0.999401
1.230981
1.188333
1.279644
0.499562
0.399778
0.670218
0.726913
2.088988
1.946612
0.284863
3.403898
0.066791
0.238812
0.949712
0.230171
1.113055
0.935947
0.183242
0.001750
0.625420
0.072583
0.677479
0.477929
2.459212
1.529394
3.264305
0.311487
1.924627
0.672352
0.075669
0.665473
0.220008
1.461658
0.232984
0.893285
0.102786
1.191505
0.113496
3.644565
0.806270
0.438777
2.823862
0.962566
0.838432
0.806924
1.735515
0.273198
0.176209
4.724355
0.275499
0.984892
0.063083
1.320173
0.006476
3.714508
0.726175
3.449269
0.278756
0.462534
0.611981
0.380021
1.939915
1.064826
0.088068
0.066265
0.282234
0.200870
1.428590
0.435711
0.169423
0.376634
1.232271
0.101448
2.687090
0.322939
1.050518
1.408997
0.723690
1.670254
1.373320
1.409961
0.576825
1.649584
0.670912
0.588384
1.530178
0.005015
0.532743
0.027143
0.470509
2.045866
0.419967
0.263445
0.746429
0.557276
0.350575
1.477738
0.939595
0.057704
0.133579
1.448435
0.461882
1.792233
1.977134
0.359285
0.115854
0.716985
0.059152
0.979324
0.390939
1.630517
0.478491
1.435065
0.946858
2.032865
0.231524
0.503428
2.071809
0.966751
0.548741
0.286827
0.674159
1.449254
0.655771
0.016494
0.213797
1.499127
1.552140
1.617981
1.788239
2.444697
0.836472
0.226460
1.373022
0.559138
0.702134
1.938319
2.814679
0.825330
0.654868
0.306056
0.455834
1.971639
0.025887
3.822330
1.308637
0.264267
0.467875
0.925973
1.909968
1.589592
1.918769
0.419052
0.823816
0.406722
0.444241
1.401340
0.117484
0.158872
0.810658
2.875127
0.062027
0.130334
0.158105
1.644040
0.799611
1.051861
1.087246
0.674467
0.239047
0.154721
1.403347
0.864419
0.004126
1.513138
0.813795
1.323993
0.012086
2.666357
0.412162
1.994574
1.296403
0.211951
0.230997
0.339301
0.744790
0.832289
0.042349
1.010633
1.244247
0.908570
0.866555
1.478342
1.269749
1.294052
0.864616
0.314155
0.472495
0.276601
1.427809
0.889595
0.486115
0.722356
0.183781
0.492832
0.348389
1.289925
0.131289
0.365556
1.064801
0.617703
0.186471
0.480765
1.055019
0.472208
1.106913
0.194775
2.835716
1.240938
1.676605
1.058908
0.367861
0.498559
0.553647
0.027253
0.126059
0.003945
0.351657
0.683182
0.281806
0.058313
0.087925
0.995790
0.846388
0.290422
0.019871
2.004066
3.761913
0.153979
0.188021
0.999576
0.925152
0.417822
0.013748
0.294832
1.265482
1.149094
0.566204
1.076518
0.500815
0.281456
0.374527
1.209825
1.015865
1.337641
1.304292
1.412014
1.352754
0.025435
0.289471
4.346865
0.085295
0.408737
0.961344
1.057847
0.885672
1.014169
0.729834
0.830856
1.514157
1.169295
0.218515
0.483754
0.031423
0.235650
1.018541
1.381631
2.235106
0.073864
0.524335
0.338250
0.380555
1.274528
4.485908
3.088486
0.612440
1.263612
1.240558
0.222451
1.356668
3.273272
0.206408
1.738646
0.353293
1.630253
0.648248
2.164495
0.582351
5.308411
0.596958
0.250287
1.153484
1.037907
0.928763
1.256667
1.936189
0.279498
0.624051
1.381373
0.378393
2.057929
0.036404
0.998470
0.898252
0.024787
0.881857
0.052022
1.354220
0.352062
0.287866
0.662296
0.299595
0.573831
0.369002
0.813081
0.275433
1.539981
0.582863
1.146248
1.517156
2.218414
2.339204
0.625731
0.770078
0.710402
0.199096
0.498848
1.395901
1.034959
0.152612
0.069810
0.727823
0.195147
1.200601
0.116264
0.225357
0.335435
0.174892
2.875650
0.871645
0.528634
0.558537
1.836453
1.878803
1.333818
0.506051
0.092098
0.738449
1.825301
1.470359
0.360698
1.309516
1.120099
1.460759
0.310708
0.201267
2.965565
1.078348
2.728708
0.899502
1.616361
0.002128
0.116836
3.847470
1.207687
0.248498
0.198982
4.274825
0.478811
0.132453
0.838919
1.565760
0.802986
0.524993
1.016934
0.340438
1.637679
1.295657
1.664352
1.033949
0.686050
0.120471
0.469123
0.186560
2.132313
1.025887
0.434633
1.771403
0.358626
0.338546
0.550145
0.108414
0.341533
0.762288
0.084916
4.649344
1.400112
0.303603
3.751506
0.143768
0.487601
0.786008
2.590026
2.779220
3.052951
0.828463
0.256771
1.420264
0.341873
0.037848
0.515419
1.541783
0.163270
1.501476
3.127946
0.032601
0.542524
0.369167
1.980366
1.273269
0.906054
0.335633
1.730642
2.164599
1.706593
2.345912
2.084544
0.848510
0.181626
1.911583
1.223695
0.802937
0.504999
0.996527
0.673152
0.429667
0.215821
1.260036
0.113868
0.661033
1.400382
0.714113
0.314277
2.344817
0.339078
0.256022
2.752168
1.225174
0.764784
1.600438
0.555786
0.139779
0.086982
0.286627
0.015778
2.320991
0.166584
2.219072
0.642019
0.384978
1.360408
0.198000
2.052008
0.150751
1.663212
0.448516
0.671801
0.004602
0.080973
0.908413
0.669965
1.779506
0.113405
1.418639
1.329588
0.502169
4.124727
1.113597
0.106558
0.730636
0.634532
0.749624
1.046534
0.805472
1.499076
1.092137
0.606872
2.660857
0.811461
2.641111
0.287211
0.355583
0.114679
0.129163
0.578343
2.511072
0.658929
2.636457
2.569291
0.821836
0.744908
0.530491
0.497013
1.000849
0.185896
0.135898
0.027593
0.166613
1.602923
0.137302
1.114346
0.312670
1.066384
0.386718
1.723906
0.566360
4.214400
0.323763
0.450239
0.778727
0.229786
0.947189
1.834117
0.376360
1.321781
0.327697
0.264569
0.243263
0.232946
0.169453
1.497500
1.320604
0.838306
0.183882
0.454853
1.336354
0.349606
0.498691
2.213388
0.098415
0.735989
0.826771
0.449787
0.194456
2.147790
0.203179
0.939380
2.028573
0.617014
3.563269
0.526764
1.095846
0.876648
0.287325
3.881871
0.381502
0.753218
0.238068
0.761640
1.335430
0.458430
0.370211
0.634843
2.737717
0.648895
1.804480
1.116206
1.480217
0.258920
0.828166
2.010954
1.382635
0.134321
0.259257
2.601000
0.008989
0.531443
0.765568
2.099038
2.061132
0.706404
0.338152
0.773129
0.094760
0.769262
0.729440
0.523529
0.068061
1.308121
2.824696
1.623290
0.102473
0.287795
0.318461
0.033225
1.299976
0.114482
1.221319
0.692894
0.409906
0.312397
0.455726
0.089237
0.500875
0.902357
0.011234
0.515753
0.006653
0.789883
0.329025
2.114626
0.054125
0.837682
0.540864
0.154429
0.109740
2.742273
0.799995
0.186003
1.094367
0.675980
3.592858
1.438202
1.352576
0.281320
1.586332
0.632783
0.436005
0.694116
3.466101
1.170128
1.464444
0.407628
1.491849
0.177685
2.647352
1.542785
0.834118
2.745638
0.403942
1.871564
1.688017
0.486139
0.533420
0.265098
0.750986
0.728437
0.184458
0.082043
1.161765
1.793927
0.844226
1.077478
0.907182
0.373293
2.351353
0.497030
1.516060
0.298602
2.227008
1.383044
2.953017
1.081587
0.087695
1.283238
1.735775
0.013208
0.711467
0.493443
2.974242
1.841331
0.268659
1.444043
0.256697
1.046972
5.775500
1.404442
0.181928
0.180734
1.791341
1.920081
6.945482
0.516464
0.719392
0.904800
1.254950
0.540790
4.346054
0.683860
1.126570
2.113548
0.280403
0.977302
0.776821
0.398212
0.425469
0.452354
0.417945
1.935259
1.399785
0.343216
1.194045
4.504995
0.056087
2.569213
1.015966
0.052811
1.132894
1.631100
0.244346
0.715728
1.072041
0.243118
2.459675
0.187104
1.667055
0.992760
0.887593
1.600676
0.133282
0.306812
1.131439
0.460929
2.188241
0.245345
1.196609
0.267125
0.870927
0.040181
0.094350
0.407647
0.400328
1.546664
0.391167
0.485228
1.239417
3.261793
0.572495
0.491590
1.452290
1.057473
2.297707
0.551053
2.028659
1.682268
0.902141
1.138453
0.586080
0.201693
0.649946
0.839972
0.592154
0.168842
2.773867
0.407595
0.466686
1.008852
0.842052
3.086962
1.123151
1.076490
0.341289
0.004657
0.591048
0.949018
0.492805
0.170433
0.854630
1.742816
0.787562
0.416313
0.649400
0.587992
1.444699
0.424845
0.299224
0.443919
0.026154
1.211005
0.779004
0.700657
0.315231
4.423093
1.076160
0.233143
0.389722
0.032545
1.853563
2.224971
4.296259
0.729954
0.801044
0.322311
0.739642
5.949667
2.192888
2.428199
0.167347
0.621693
1.334756
1.201114
1.627049
0.241331
0.155134
0.838576
0.822225
0.514677
2.605819
0.882765
0.110271
0.629787
0.094424
0.469665
0.607516
1.383104
0.874065
1.505314
1.519698
0.555248
1.108607
1.459307
2.884890
0.249901
0.044087
0.628960
0.246559
2.681439
0.475875
0.466185
0.501702
0.122661
0.074454
0.220637
0.400261
0.242644
1.451011
2.210938
0.961696
1.177085
0.647724
1.280728
0.173305
0.836712
0.101981
0.952997
0.379898
1.138502
0.498352
0.102355
0.111794
0.064486
2.001690
0.051199
0.333478
2.386213
0.727252
0.697330
1.829823
2.257839
2.077012
0.266650
0.010920
2.927063
0.565724
0.416599
0.176613
0.220295
0.262817
1.512546
2.203123
1.230596
0.696787
0.049885
0.321238
0.913221
1.087902
0.893594
0.326384
0.057148
1.165099
0.484904
0.125559
0.805200
0.569434
0.513444
0.618085
3.014292
2.339832
0.357507
1.873034
1.506666
0.764947
1.946334
1.290250
3.401977
0.220545
2.177660
0.179618
0.560428
1.097649
0.055463
0.147245
0.184117
0.108270
0.530461
1.456425
1.451118
0.002487
0.046467
1.721701
1.173095
0.561500
2.800738
0.279176
1.993642
0.416734
1.219485
1.685892
0.280322
0.005213
1.081944
0.023076
0.776184
0.730366
1.376781
0.706301
1.259436
1.005953
1.111529
0.156913
0.357603
1.290613
0.331479
0.632637
1.757430
1.183532
0.268851
0.899444
1.191677
0.330098
0.535191
0.489196
1.240615
0.436456
0.995535
0.854714
1.185743
0.408106
0.493176
2.795914
0.415958
0.051694
3.263693
2.121372
0.840831
1.235681
0.488847
0.335240
0.421087
0.059338
0.562216
1.033714
1.525600
1.245467
0.120054
0.941664
0.520873
0.429047
0.227184
0.107905
0.994298
0.961467
0.671713
0.416745
3.552457
0.127426
2.469892
1.096096
0.606480
0.363444
0.928282
1.584868
0.438664
0.835912
1.124417
2.573744
0.322804
0.063819
0.233932
0.966404
0.127193
1.017879
0.306346
2.322234
0.432065
0.473201
0.717373
1.414000
1.294137
1.255946
1.959834
0.439875
0.404759
0.428149
1.193012
0.362705
0.630975
0.947006
3.507724
2.559551
2.486768
0.855202
1.264734
0.317350
0.152363
0.498969
0.217751
0.539924
0.606362
0.517949
0.037452
0.853562
0.043846
0.357571
0.646360
0.500432
1.132032
4.424373
0.163181
0.516656
1.214737
0.009728
1.424499
0.036741
0.443115
0.608925
0.415943
1.748089
0.070599
0.371524
1.380528
4.198757
2.163868
0.627809
0.296938
0.026800
1.959590
0.602547
0.586360
0.376517
1.943817
0.654716
2.187984
2.300006
1.518856
0.452412
0.347394
0.613708
0.433751
0.587051
1.981578
0.056717
0.604618
0.971591
0.095644
1.669630
0.080759
0.564745
1.014943
0.157529
1.354069
0.487974
0.140106
0.985996
1.913054
0.490441
1.059515
1.242904
1.834011
0.102063
0.025531
1.194260
0.861420
2.442592
0.908357
0.443909
0.324309
2.209886
1.699013
0.991282
0.406950
1.137201
1.152133
1.551355
0.357824
1.492769
0.915598
0.475440
0.231611
0.270890
0.742624
2.967301
0.976654
1.063836
0.856821
0.645887
0.043445
0.259894
0.207341
2.143389
0.394369
0.238847
0.867061
2.336479
0.134137
0.194348
0.303552
0.515005
0.069260
0.082235
0.031905
0.512892
1.419765
1.256810
0.209830
0.060848
0.674698
1.555902
0.575225
1.195461
0.026653
3.258607
1.038440
1.049057
0.958230
0.250366
0.134142
1.075706
0.598476
0.375118
0.780202
1.497206
0.744981
0.129541
1.138117
1.052071
0.354008
2.836793
0.054761
0.454204
0.020541
0.088493
1.453654
1.507606
1.610089
3.113691
1.817654
0.343646
1.364785
0.321605
4.444396
1.473445
0.269938
1.005804
0.545758
1.917336
1.936094
0.789949
0.717328
0.365405
1.958455
0.055123
0.085918
0.484801
0.192533
1.435100
0.035593
0.641056
1.215017
0.092395
1.822077
1.286002
0.189885
0.927846
0.697530
3.614744
0.821342
0.415183
0.306384
0.363446
0.953982
0.290556
0.078598
1.906289
2.175086
0.685548
1.218650
1.355320
0.043240
0.243750
0.049421
2.315081
0.314639
0.139895
0.336064
0.588933
2.229882
0.386235
2.505251
0.905732
0.525338
1.413277
0.384752
0.871294
0.448244
1.723543
0.808932
2.543511
0.175959
1.706847
0.256356
1.496749
0.073340
0.359138
0.987551
3.149277
1.599034
0.403293
1.201483
1.833997
0.794515
1.376234
1.352736
1.704560
2.103920
0.027259
0.305478
1.471772
0.426606
0.200372
0.456078
1.410275
2.784321
1.157139
0.411756
0.355932
0.707617
2.227298
0.249603
1.104219
1.240442
0.592440
0.588199
1.520781
1.381289
0.074924
1.341611
0.791099
0.517631
0.575947
0.489195
3.042179
0.204936
0.137365
1.471490
0.065417
0.168701
0.034225
1.794590
0.698196
0.242351
0.223193
0.299002
0.166584
2.168541
0.906232
0.603175
0.498960
0.669698
1.120300
0.063333
0.221745
0.128790
0.705306
3.929126
2.037049
0.863292
1.269098
0.538267
4.034085
0.170483
1.625166
2.726734
0.418616
2.680474
1.220726
0.519809
0.090700
1.341817
0.273346
0.889713
3.075834
0.578409
1.881694
0.113501
0.392844
0.586311
0.821492
1.264800
2.684738
0.266629
1.509924
0.139999
0.438326
0.335635
0.117636
0.254211
1.990291
1.771341
1.023633
1.868484
4.315344
0.586688
1.515082
0.398511
0.470489
0.663965
1.324436
0.619917
0.253376
3.620005
0.052597
0.195617
0.531756
2.291701
0.335430
1.336719
0.419356
1.865587
0.606966
0.320606
0.082554
0.266666
0.519080
0.569378
0.732277
0.725489
1.074684
0.482127
0.424354
0.355685
0.258996
0.404134
1.359227
0.008419
1.082129
0.126066
0.680385
0.502814
0.868584
1.263729
0.459485
0.998837
2.254505
1.517857
0.756296
0.198505
0.730045
2.064575
0.025563
3.616030
0.159487
0.110347
0.232162
0.803745
0.773489
1.295975
0.070705
0.219642
0.115299
0.534556
0.686173
0.411093
1.372455
0.273965
0.423820
0.523646
0.443299
1.826577
1.623621
2.789366
0.812918
0.187786
0.844510
0.600591
3.037115
0.106283
0.998469
0.635142
3.648041
1.069430
0.585640
0.129399
1.432434
1.051059
1.120021
0.356492
0.472890
1.354757
0.687296
0.664953
0.169674
5.046262
1.730346
2.328689
0.265540
0.184206
0.371382
0.894757
0.007298
0.119951
0.754667
0.829448
0.334416
0.105433
0.015340
0.269542
0.224263
1.040664
1.225573
0.192194
0.361796
0.162120
0.351303
0.067047
1.609905
3.505107
0.453691
0.194671
1.244609
1.978958
1.086478
2.025005
1.933462
0.664315
1.472216
0.092731
1.060188
0.084255
1.138979
1.081405
0.215472
0.235326
0.254365
0.650247
0.370704
0.274192
1.253002
0.714671
2.176780
0.546046
1.156770
0.210930
0.844959
4.002448
0.294395
0.462859
3.030025
0.966897
0.792777
1.089549
0.656865
0.235736
0.758516
0.410798
1.188706
0.359855
0.554152
0.429237
0.482927
0.111261
0.009925
0.860062
0.378310
0.267183
0.056514
0.980120
0.642988
1.466641
0.145466
0.447655
0.210802
1.719704
0.800831
1.429163
1.622574
1.640220
0.140423
1.403626
0.554780
1.134517
0.541160
2.378682
2.193135
2.987096
0.279987
0.876634
0.290070
1.107595
2.700274
1.007348
1.491399
2.859254
0.237849
0.094228
0.194988
0.310098
1.254069
1.053934
0.036587
1.897385
0.012387
0.256172
1.111456
0.828636
4.303734
0.641562
0.461112
0.124987
0.258545
1.585817
1.589214
1.037762
1.212499
1.153113
0.904658
2.932827
0.312202
1.878027
0.958158
0.224368
0.657630
0.496501
0.155096
1.182865
0.656368
0.386873
3.224524
0.218065
3.584842
5.560033
0.047057
4.171441
0.251212
1.261911
0.793908
0.233983
0.211237
2.493061
0.394697
0.541704
1.246752
0.130143
0.066137
0.536332
1.641844
1.076804
0.449203
0.077468
0.706082
3.828824
0.322304
4.452290
0.461414
0.543331
1.145542
1.902981
1.347121
1.027707
0.047934
1.245737
1.017009
0.097360
1.193499
1.969460
1.658932
0.280729
0.071595
0.000076
0.176869
0.502871
0.541834
2.076830
0.728232
0.658393
0.342185
0.390994
0.152725
1.054539
0.507762
1.044296
0.994014
1.119881
1.011725
7.642154
0.097471
0.383249
1.899769
1.789064
3.232231
2.274975
0.787798
0.913434
4.602265
0.277067
0.614934
1.607583
0.667017
0.751658
1.607961
1.046607
2.572092
0.245931
0.741384
0.581360
1.205111
1.678409
1.445953
1.845008
0.625444
0.177499
0.673416
0.099697
1.809837
0.135184
0.099167
2.647760
0.588431
2.896885
1.435795
0.519753
1.845196
0.367055
0.004197
1.783652
0.796786
0.622711
0.998600
0.036651
4.819317
0.564419
1.154739
2.471621
1.047920
0.233707
0.440701
0.430283
0.021975
0.128849
0.212761
0.666918
0.333421
1.144722
0.871318
0.127663
1.650950
1.127038
0.050284
0.291603
0.969727
1.666615
1.073726
0.621420
0.125952
1.086058
0.349268
1.101320
0.134638
2.609122
1.215895
0.125444
0.442716
0.491702
0.034019
0.007069
0.908377
0.494070
0.441174
0.963796
0.714893
0.794893
0.111233
1.581273
0.261440
1.161137
2.455006
0.038939
0.450795
3.301663
0.344076
4.116095
1.488517
2.983650
0.591514
2.231531
0.946358
1.352112
0.821444
1.338706
1.101740
0.306198
1.935932
0.025747
1.056056
2.199646
0.033001
0.286346
0.327143
0.492956
2.021587
1.559578
2.773423
3.605453
0.877220
0.183454
1.077913
0.689553
0.230420
0.022832
0.618741
0.687016
0.006285
0.268756
0.591164
0.602898
0.137317
0.059925
0.215775
1.166389
1.589540
1.978985
3.042190
1.054665
2.182216
0.927465
0.778375
2.521625
1.920333
1.714066
0.369402
1.276532
0.940695
0.282900
1.183587
0.215306
0.534461
0.436208
1.177347
0.967098
0.471749
0.166388
0.124136
0.481841
0.492582
0.827954
1.802606
0.728276
0.970808
0.029649
0.230382
0.539917
2.216452
0.172023
0.071382
1.506040
1.437522
0.940949
1.196946
0.956921
0.561436
0.006760
0.410864
0.040045
0.291881
0.031227
0.265216
1.100085
0.484932
2.588467
0.338235
1.428580
0.081370
0.517032
0.153974
0.629423
3.404311
3.809341
4.157951
0.886716
0.007076
0.210882
0.005210
2.283335
0.427972
0.076979
1.127845
0.117270
1.151487
0.468652
1.296750
0.120411
0.479475
0.065610
0.165699
1.005215
0.098991
0.487204
0.358378
0.651065
0.371822
0.887129
0.272939
0.492120
4.812937
0.480566
1.936357
3.185594
0.445357
1.833407
0.791068
0.456425
0.030730
0.802597
0.307221
0.475511
0.983305
2.826527
0.671557
0.370717
0.378243
0.242924
0.550269
1.190162
0.327356
0.857795
0.400272
0.467482
3.258713
0.997104
1.910083
0.317571
0.247458
0.095182
1.081036
0.237107
0.639341
0.726761
0.186016
1.782388
0.441082
1.260116
0.220921
0.489264
0.312269
0.621258
1.449682
2.245661
0.516699
0.293623
0.228035
1.267444
0.635089
0.986468
0.534910
1.383437
0.226916
1.363125
0.130914
0.179814
0.470313
3.674516
0.573872
0.902414
0.067670
0.102494
1.637341
0.771738
0.951773
3.698635
0.461330
3.526891
1.176428
0.838809
0.442429
3.214802
0.030982
0.131113
1.924006
0.569197
0.473729
0.059625
0.165429
1.880168
1.155155
0.836435
0.908124
2.189290
0.372351
1.270920
0.054011
1.158621
1.184382
0.671853
0.329187
1.425019
0.883472
0.089919
0.352807
0.223892
0.063193
1.099140
0.187780
1.397798
0.267380
0.752322
1.247215
0.308054
1.054433
0.836268
1.201124
0.029361
0.979651
1.907939
2.090460
0.370410
0.541907
0.640725
0.220089
1.306558
0.213833
0.287857
0.536709
2.176668
1.344653
1.190145
1.038677
0.394562
1.522425
2.871121
0.747865
1.851865
0.942140
1.196753
0.906131
1.863199
0.256901
0.369053
0.116476
2.105090
2.081738
1.655968
2.376226
0.692836
1.080891
1.530023
1.657545
0.082370
0.296466
0.006971
1.651920
0.596157
0.297164
0.253151
0.408956
5.640176
2.519152
4.002716
0.389305
1.208282
2.591583
1.891112
0.786021
0.766375
0.791692
0.151127
0.478246
1.484912
0.595789
0.673499
1.054527
0.391798
0.355492
0.818127
1.737293
3.215849
0.418872
1.003477
0.039726
0.913222
1.022607
1.879058
0.049029
2.277131
0.073556
0.483702
2.243088
4.644703
0.454504
0.243783
1.176609
0.342963
0.067678
0.269218
1.746640
0.947680
0.472061
0.230384
0.487497
1.743867
1.190235
0.038202
0.161715
5.302748
0.906895
3.623847
3.098891
2.787670
0.933228
5.091042
0.770474
0.283772
1.839571
0.879603
0.156050
2.430758
3.459529
0.039108
2.327057
0.406154
0.293963
0.901637
0.978507
0.385859
1.772655
0.597418
2.695550
0.231180
1.065779
0.383214
0.032069
0.432925
0.439769
0.199521
0.425280
3.037358
0.167469
0.358554
2.211594
1.430934
0.349788
0.558058
0.008008
0.146503
0.012815
0.165417
0.049513
3.978604
0.211726
3.010325
0.378454
0.589705
0.787061
2.800308
1.450909
0.469905
0.492622
1.197784
0.870700
0.045540
0.016608
0.949077
0.504032
0.465670
1.578804
1.356048
0.392042
2.956032
0.044618
0.241815
1.234052
0.413698
1.028560
1.261834
0.644503
1.064824
2.035048
0.741042
1.011975
0.062023
0.642658
3.027849
0.704508
0.019108
2.214473
0.316481
0.500653
0.328180
3.487693
3.697177
0.391985
4.261551
0.886995
1.273663
0.443455
0.481083
0.620861
1.147307
0.400271
0.705534
2.276016
0.039522
1.864039
0.776064
1.409019
0.385708
0.216910
0.980676
1.854152
1.780802
1.155442
0.382025
1.528215
0.211623
0.410149
1.120448
0.619936
1.310497
3.071171
0.564665
1.222546
0.325617
0.540167
0.347615
6.273263
1.494032
1.125518
0.617358
0.612570
0.005392
3.404830
0.439049
0.045132
1.669944
2.255102
1.608166
0.141303
0.094459
0.552843
3.696425
2.546336
0.116275
0.346314
1.219794
0.357389
0.991981
0.475741
1.437675
0.445464
0.403779
0.215635
0.067202
0.941935
0.944997
0.444137
0.937109
0.489152
0.034734
0.071360
1.863667
0.040317
0.036312
0.223454
0.087350
1.879957
0.100246
2.148910
3.871690
0.205206
0.368280
3.087076
0.113339
0.541022
0.283789
1.670574
1.267078
2.089357
0.211260
0.655596
0.268803
0.739495
1.123430
0.357674
0.142454
0.337092
1.076816
1.350980
1.117827
1.182404
1.660137
0.729620
1.320410
1.867871
1.266402
1.696181
1.180749
1.679547
1.203994
1.115132
6.971564
0.008116
0.984818
0.112289
0.555004
2.068046
2.501948
0.155808
1.385498
0.114862
0.981213
4.234068
0.997382
0.356648
0.337161
1.443621
0.882223
2.910057
0.703081
0.299955
1.018840
0.378087
1.500835
0.465153
0.174802
0.683617
0.208967
1.919559
0.369259
2.194489
0.745402
0.367903
2.269805
0.164815
0.534486
0.389490
0.025848
0.403623
0.628998
1.493067
0.580918
0.096531
1.430556
0.074478
0.497579
0.048172
1.806063
3.822963
4.900551
0.416489
0.270872
0.998434
1.065579
0.014446
0.003511
1.691999
0.712440
0.213296
1.106173
1.705441
0.084107
0.216458
0.134816
3.786939
0.425540
0.776861
0.356579
0.465374
2.057734
1.455888
0.159485
0.375235
1.957753
2.388595
0.485554
0.288781
3.107148
0.248903
0.260016
2.953232
0.823226
0.627821
0.866009
0.243931
0.655058
0.874377
0.032841
4.619461
1.491482
1.208934
1.652604
1.935365
2.264504
2.726820
1.789544
0.277998
0.643835
0.142597
0.953996
0.426152
2.299621
1.436403
1.078383
1.421001
1.110058
0.045519
0.009395
0.982782
0.307671
0.272219
0.852286
1.747723
1.219285
0.165977
0.043209
0.204747
1.331095
0.077525
0.192722
0.714929
1.496470
4.118929
0.456340
1.115349
2.504837
0.222351
2.463936
0.499287
0.403859
0.754389
1.347148
0.263920
0.345199
0.510616
4.655680
3.280234
0.587658
8.765886
0.887005
1.235175
0.272014
0.176347
0.765817
2.859714
0.377763
0.861174
0.136807
0.051735
1.055353
0.361185
0.823695
0.558636
0.338117
2.625473
0.105594
0.229664
0.135774
0.015226
0.911890
0.614745
0.787047
0.412875
1.175017
1.812370
1.339905
1.144694
1.605017
0.201508
1.144204
0.489759
2.223023
2.521725
0.796065
0.556459
1.983360
1.991480
0.004108
4.631041
2.452552
